#================================================================================ 
# DATA BELOW
#================================================================================ 
#================================================================================ 
##THIS IS THE LATEST VERSION__________________________________________________________ 
#nages : number of age groups UPDATED  
##__________________________________________________________ 
12 12 21
# 
# 
#============================================================================== 
#============================================================================== 
##<<<<<<<<------------ CATCH DATA ----------------->>>>>>>> 
#============================================================================== 
#============================================================================== 
# 
# 
##__________________________________________________________ 
#nyrs_tc_biom : number of catch biomass index years
##__________________________________________________________ 
40 40 40
##__________________________________________________________ 
#yrs_tc_biom : catch biomass years 
##__________________________________________________________ 
1979 1980 1981 1982 1983 1984 1985 1986 1987 1988 1989 1990 1991 1992 1993 1994 1995 1996 1997 1998 1999 2000 2001 2002 2003 2004 2005 2006 2007 2008 2009 2010 2011 2012 2013 2014 2015 2016 2017 2018
1979 1980 1981 1982 1983 1984 1985 1986 1987 1988 1989 1990 1991 1992 1993 1994 1995 1996 1997 1998 1999 2000 2001 2002 2003 2004 2005 2006 2007 2008 2009 2010 2011 2012 2013 2014 2015 2016 2017 2018
1979 1980 1981 1982 1983 1984 1985 1986 1987 1988 1989 1990 1991 1992 1993 1994 1995 1996 1997 1998 1999 2000 2001 2002 2003 2004 2005 2006 2007 2008 2009 2010 2011 2012 2013 2014 2015 2016 2017 2018
##__________________________________________________________ 
#tcb_biom_obs : Catch biomass 1000
##__________________________________________________________ 
# Pollock 
#935714 958280 973502 955964 981450 1092055 1139676 1141993 859416 1228721 1229600 1455193 1195608.279 1390330.91 1326600.66 1329349.87 1264244.54 1192778.411 1124430.415 1101165.453 989815.914 1132707.038 1387193.651 1480192.723 1490899.096 1480542.528 1483285.763 1486435.323 1354097.161 990565.64 807946.609 810215.206 1199213.635 1205283.061 1270824.308 1297846.257 1322311.572 1343465.851 1343465.851 1343465.851 #UPDATE!
#979431 
935714 958280 973502 955964 981450 1092055 1139676 1141993 859416 1228721 1229600 1455193 1195608.279 1390330.91 1326600.66 1329349.87 1264244.54 1192778.411 1124430.415 1101165.453 989815.914 1132707.038 1387193.651 1480192.723 1490899.096 1480542.528 1483285.763 1486435.323 1354097.161 990565.64 807946.609 810215.206 1199072.884 1205530.721 1270745.389 1297846.257 1322311.572 1343465.851 1359344 1372500
33761 45861 56507 61104 94801 125103 143447 135605 149903 203071 178323 172067 210241 164210 133186 172266 228498 209067 232601 158529 145867 151376 142542 166555 175443 183748 182940 168818 140129 139802 147174 142866 209226 232787 236704 238728 232838 247620 237858 201000
12921.3 16527.6 15401.7 10366.2 12572.1 8506.8 6702.3 6462.9 4373.1 17991 6575.4 11752.2 17834.85 10949.88 7952.92 13017.95 8282.93 13308.83 9228.52 14595.56 10595.79 12072.65 12837.82 10822.71 12278.492 17365.168 13408.722 11966.769 11081.715 18897.328 19212.001 14718.364 16839.585 18934.417 14054.57 14930.779 10330.49 9775.807 6008.431 3735.711
#12921.3 16527.6 15401.7 10366.2 12572.1 8506.8 6702.3 6462.9 4373.1 17991 6575.4 11752.2 17559 10707.3 8369.1 12904.2 8355.6 13188.6 9422.1 13713.3 10240.2 11907 12652.2 10669.5 11927.7 16366.5 12818.7 12097.8 10724.4 14745.3 16445 17466.75 20141 22325 20537 19110 11269 11104 6518 4503
#INGRID'snote(51) fishery catch 1979-2014 (with Kamchatka subtracted) (updated yrs back thru 2006 Oct 7 2014 used last yrs catchfor this yrs estimate) put in new data from Table6.1     
##__________________________________________________________ 
#nyrs_fsh_comp : N age/size observations by spp  
##__________________________________________________________ 
39 40 37
##__________________________________________________________ 
#yrs_fsh_comp : Yrs of obs by spp: # ATF (0j0 placeholder- needs to be filled in with correct values) 
##__________________________________________________________ 
1979 1980 1981 1982 1983 1984 1985 1986 1987 1988 1989 1990 1991 1992 1993 1994 1995 1996 1997 1998 1999 2000 2001 2002 2003 2004 2005 2006 2007 2008 2009 2010 2011 2012 2013 2014 2015 2016 2017
1979 1980 1981 1982 1983 1984 1985 1986 1987 1988 1989 1990 1991 1992 1993 1994 1995 1996 1997 1998 1999 2000 2001 2002 2003 2004 2005 2006 2007 2008 2009 2010 2011 2012 2013 2014 2015 2016 2017 2018
1979 1980 1981 1982 1983 1984 1985 1986 1987 1988 1990 1991 1992 1993 1994 1995 1996 1997 1998 1999 2000 2001 2002 2003 2004 2005 2006 2007 2008 2009 2010 2011 2012 2013 2014 2016 2018
##__________________________________________________________ 
#fsh_age_type : Type of fishery observation (age=1, lengths=2)  
##__________________________________________________________ 
1 
2 
2 
##__________________________________________________________ 
#fsh_age_bins : bins for fishery age composition data  
##__________________________________________________________ 
12 
25 
25 
##__________________________________________________________ 
#obs_catch : Observed catch (N)
##__________________________________________________________ 
82971 444313 588930 343746 321153 176316 46046 21030 29351 22488 14414 9767 # 1979 1
10161 480923 856212 461236 262269 219432 87081 39105 22622 24878 26468 28435 # 1980 2
655 83024 1164542 733539 261026 118296 59408 34033 18512 10750 8634 8142 # 1981 3
4602 24560 156400 1135849 409190 100488 34858 34897 20859 8798 5250 5901 # 1982 4
5114 119598 159132 315652 823909 220127 41772 24930 19978 11195 7665 10629 # 1983 5
1966 42919 83019 403465 460657 612723 125385 33321 23506 14656 6650 8568 # 1984 6
2504 52256 360967 115286 346292 304397 419635 106493 34631 24452 23506 27681 # 1985 7
2687 74815 80260 651084 186224 328860 192982 186362 51911 13205 2905 3512 # 1986 8
0.001 21795 122851 85461 455340 152938 134876 99830 272284 59537 42616 70992 # 1987 9
0.001 8931 380002 352898 211040 455651 188144 87837 32796 81016 15275 21478 # 1988 10
0.001 4546 52597 142159 430396 159087 545947 91901 98996 30935 123102 22292 # 1989 11
1429 35916 61995 238875 218459 519968 140627 400979 71510 110913 9839 89727 # 1990 12
389.574 113171.246 44377.118 88939.243 151831.858 181937.238 509695.986 81478.506 292863.183 29464.685 143946.716 178373.699 # 1991 13
1963.817 88216.878 670812.79 130291.321 82898.781 110166.816 136177.829 254831.214 102726.463 152502.263 57876.973 134607.657 # 1992 14
94.553 6917.374 243618.641 1144408.8 108022.22 73939.487 68533.705 53098.613 91647.46 20461.642 35213.79 47684.291 # 1993 15
1167.769 35589.735 58612.068 347405.309 1067224.702 180474.844 57739.999 18728.566 12367.621 20247.034 9182.09 29825.221 # 1994 16
0 362.234 77134.933 148491.086 406831.16 767104.998 121936.992 31977.238 11202.132 8112.693 17685.144 22312.387 # 1995 17
0 16705.889 51918.124 82638.435 161493.758 362775.977 481648.022 186012.142 32583.736 14098.593 8438.524 24115.589 # 1996 18
1642.234 77851.848 39246.144 107649.409 472667.192 282593.09 252640.554 200068.83 65432.844 14010.332 5934.446 22999.233 # 1997 19
220.085 42328.664 85616.473 70923.704 154774.056 697028.577 202038.775 130969.685 107502.479 29113.557 6117.247 17809.367 # 1998 20
191.878 9649.623 294436.093 224555.033 102324.72 159704.82 470779.569 130685.88 56328.539 34117.658 3655.915 5324.892 # 1999 21
0 15332.214 80266.571 425831.835 346974.349 105151.561 170382.752 357627.323 85956.499 29457.682 22278.072 8243.438 # 2000 22
0 3084.082 46891.601 154726.845 582562.629 410467.836 135860.797 127004.325 157299.897 58963.253 34428.25 27115.525 # 2001 23
896.247 46960.366 108614.984 213379.414 287356.307 602274.72 270186.356 100646.404 86265.325 96759.331 33892.198 30856.525 # 2002 24
0 14109.644 408579.708 323481.978 367205.844 307130.698 331247.145 158767.45 49547.88 38445.472 36120.183 36154.106 # 2003 25
0 472.747 90113.139 825409.403 483692.605 238969.499 168482.403 155208.607 63231.433 15501.659 18560.982 49753.04 # 2004 26
0 4141.053 51083.675 399372.828 859074.438 483457.921 157561.81 68662.806 68321.412 30797.672 9622.546 16992.217 # 2005 27
0 9976.618 83181.281 293286.82 615345.939 592562.509 283626.996 109860.035 49506.308 40670.169 16990.443 28246.676 # 2006 28
1628.575 16913.693 60498.61 137515.012 388609.222 508735.359 300146.882 139480.685 47584.317 27418.283 24217.691 29757.65 # 2007 29
0 25887.483 57572.921 79413.829 148847.773 308393.403 242016.84 149334.438 82517.86 21781.636 18399.442 38508.767 # 2008 30
0 1314.583 175885.812 199871.244 82354.686 112946.047 123367.324 104017.576 65932.226 40456.075 23896.423 28145.818 # 2009 31
1038.972 27151.579 30847.146 557916.681 220633.757 55007.151 42454.516 56572.318 52871.334 31764.132 15999.889 25281.949 # 2010 32
439.07 11410.413 192811.109 115606.251 809474.865 284361.954 64084.643 37701.134 38348.107 40244.483 25274.388 22991.116 # 2011 33
0 23705.411 117842.838 943811.884 173671.162 433067.101 139900.66 36952.281 17622.732 14680.593 16212.08 30566.411 # 2012 34
1747.78 824.489 65324.891 342119.48 955524.16 195194.904 155881.129 69052.364 20085.844 13334.206 12521.42 30316.392 # 2013 35
0 39591.369 31441.3 168628.579 397383.817 752245.708 210304.189 86346.613 29153.561 9015.776 4631.899 18275.172 # 2014 36
0 15735.781 633167.118 194789.082 229065.738 385234.109 509395.335 88174.899 42967.285 17223.675 3151.271 9547.405 # 2015 37
0 513.811 91701.018 1389711.96 159282.682 175325.335 175485.305 223115.724 34719.37 13155.031 7889.919 3609.052 # 2016 38
0 2023.136469 29837.81109 551446.013 894584.2048 214665.1578 147536.6973 123201.1229 96340.83427 21539.79041 7841.114641 7213.883846 # 2017 39
# I assum fish comp notyet avail for 2017?   # 2017 39     
# Pcod length 
0 0 0 0 0 0 3 33 147 432 1049 1621 2798 1609 2298 2881 2334 1193 423 158 48 30 9 4 2 # 1979 1
0 0 0 0 0 0 2 30 99 251 770 1559 3527 1984 1881 1378 1042 1126 777 293 148 65 20 9 2 # 1980 2
0 0 0 0 4 6 14 74 411 1096 906 556 2617 1844 1282 841 533 316 148 47 24 7 3 0 0 # 1981 3
0 0 0 0 0 2 3 5 43 178 181 154 1063 1333 1700 2257 2484 2110 1119 459 172 101 42 13 4 # 1982 4
0 0 0 0 0 22 36 100 339 285 274 731 2992 3811 7803 10321 10274 8107 6044 3294 1499 523 167 54 16 # 1983 5
0 2 5 27 210 290 534 1368 1473 1545 1667 1680 5904 5943 12564 20962 25315 23454 17452 10708 5063 1713 429 117 20 # 1984 6
0 0 4 0 4 4 2 45 158 475 1199 3507 16197 19283 16337 18704 33394 38143 27948 16123 8191 3496 1113 290 69 # 1985 7
0 4 22 31 62 139 265 632 1766 2434 2322 2404 11777 16705 24282 28229 24479 19903 18584 13555 6863 2753 999 328 85 # 1986 8
0 0 5 47 63 73 292 911 1326 1556 2251 4739 22781 32612 44734 46735 50890 47505 35708 22508 14127 7574 2887 1009 228 # 1987 9
2 0 1 5 5 28 48 390 1266 2053 2220 3561 16529 11668 11200 10125 11706 13325 10313 5567 2974 1599 673 295 73 # 1988 10
0 0 0 4 13 6 12 193 489 927 1099 1067 5258 5519 6058 7431 8932 10146 8987 6605 3916 1907 908 384 148 # 1989 11
0 0 0 13 9 100 364 1301 1604 1630 1330 1146 4617 10512 20357 34462 43507 43938 36660 25450 16048 10012 5165 2032 682 # 1990 12
0 2 4 13 24 65 520 1851 2615 2432 2520 3567 21321 20080 24837 39694 54526 57246 47751 34420 22398 12333 6547 2763 854 # 1991 13
0 2 14 17 37 73 261 852 1916 2962 4667 10162 46141 38174 38339 44871 49638 42245 33089 23729 15969 9404 5490 2392 760 # 1992 14
1 0 4 9 28 50 200 1090 2143 2393 5115 11790 35953 34928 37580 29270 21280 17082 13388 9347 5891 3297 1756 743 253 # 1993 15
0 0 2 2 30 73 423 1984 4327 4942 3349 4841 34917 49750 63346 66318 58841 35449 19298 11249 7234 3949 2188 977 454 # 1994 16
0 0 9 42 67 114 268 437 674 1082 4158 13252 44842 37651 54415 65652 62493 40003 21253 11136 6355 3372 1823 806 300 # 1995 17
2 6 19 37 43 30 333 1314 2124 2085 2097 4596 41766 63639 71176 69683 67692 54611 36822 22029 12657 6804 3547 1558 743 # 1996 18
14 7 10 96 155 118 287 1324 3274 4237 3749 5145 36111 46964 74583 96023 90933 61142 36287 20048 12775 6560 3136 1267 535 # 1997 19
1 1 6 9 23 79 635 1724 2043 1929 2724 6287 32988 38523 54021 74276 84639 67503 40052 20492 10230 5438 2951 1146 516 # 1998 20
9 2 1 7 7 10 71 424 590 640 2034 6743 27145 21544 23337 26735 27826 23271 14966 8341 3979 1881 897 377 207 # 1999 21
7 11 0 1 3 5 23 133 187 334 1026 3052 19382 27836 35148 36946 29292 19362 12589 7522 4274 2119 1039 400 177 # 2000 22
8 0 1 1 9 5 13 41 155 487 1251 3140 18003 26188 37833 42299 37792 23403 10879 5217 2649 1436 757 304 124 # 2001 23
17 0 4 9 19 28 77 271 716 1231 2259 5625 27537 30154 36773 41642 38188 24665 12516 5708 2548 1244 587 233 90 # 2002 24
19 0 4 1 6 2 8 64 349 848 1775 4918 33470 44040 50070 48197 42924 30135 17747 8821 3730 1496 618 238 74 # 2003 25
4 1 1 0 2 6 17 65 214 489 860 1881 17084 29144 43483 48619 39683 24708 14169 7886 3981 1775 702 253 79 # 2004 26
12 0 1 5 7 11 23 105 267 546 921 2316 16189 22326 31959 38889 40899 31357 20653 12148 6631 3240 1269 379 87 # 2005 27
7 0 0 2 9 8 12 32 169 373 694 1445 11623 20089 26265 27036 26653 22197 17253 12469 7946 4277 2103 765 292 # 2006 28
5 0 4 6 8 19 36 119 223 328 557 979 7905 13710 20819 24185 21810 15883 11540 9045 6854 4243 2192 821 239 # 2007 29
3 0 1 4 7 27 98 134 159 321 1120 2731 12963 18620 26424 29760 28485 18956 10668 6635 4787 3366 1883 697 152 # 2008 30
0 0 0 2 1 1 5 22 36 123 827 2392 19157 26453 21862 23067 22778 15461 8275 3926 2059 1176 701 299 105 # 2009 31
0 0 0 0 3 8 20 51 56 165 659 1626 9977 19623 26307 28490 20458 11807 6533 3077 1341 516 230 125 47 # 2010 32
2 0 0 0 0 3 9 71 80 203 1046 3280 21054 23977 27426 35377 29999 15749 7153 3396 1532 619 291 111 40 # 2011 33
0 0 0 0 2 3 56 128 192 257 442 1603 12650 30773 40793 39605 31549 18066 7773 3037 1196 474 213 82 23 # 2012 34
4 0 0 3 0 13 76 217 432 847 1528 3782 20344 29428 40544 51019 45788 26715 11015 3929 1357 526 193 71 26 # 2013 35
0 0 1 5 3 0 33 119 308 331 1298 4546 21043 29138 37889 43190 43601 30242 14572 5420 1935 724 263 82 18 # 2014 36
2 0 0 0 2 2 11 98 280 454 609 1636 14492 28442 43144 44088 37019 23380 12504 5890 2527 825 277 68 14 # 2015 37
0 0 0 1 0 1 1 11 58 157 346 1597 16129 19788 28056 38142 38195 24274 12294 5220 2200 836 283 74 20 # 2016 38
2 1 0 1 2 8 0 5 13 65 200 413 5364 16784 28506 31997 31350 23246 13464 5592 2251 798 277 97 24 # 2017 39
0 0 0 0 0 0 0 4 25 57 176 357 2165 5053 11865 21066 20646 12864 7327 3801 1450 516 189 50 11 # 2018 40  
#ATF (no 1989) # fsh_comp_kir: compiled from 2018 shelf and slope data and 2017 dat file for missing years, samples<100 removed
# 0 1 0 0 0 1 1 7 58 100 296 404 332 333 656 1130 937 650 576 301 180 172 124 179 127 # 1979 1 
# 4 1 1 6 8 39 137 363 568 495 430 573 730 1444 1237 991 883 773 598 343 139 63 36 42 41 # 1980 2 
# 0 0 0 4 0 1 4 21 46 104 156 281 356 705 945 1199 1137 713 702 617 330 139 80 147 103 # 1981 3 
# 0 0 0 0 1 2 12 10 26 74 278 967 2023 4313 3903 3509 3165 2952 4446 4001 2030 1648 1089 1620 715 # 1982 4 
# 0 0 1 3 7 17 11 36 28 61 139 257 686 3369 6914 6804 4309 2754 2769 1854 705 407 285 309 230 # 1983 5 
# 9 9 21 14 32 89 130 133 103 144 293 485 839 2726 4687 4934 3670 2104 1215 829 406 133 72 67 45 # 1984 6 
# 0 1 2 5 21 65 133 242 193 238 498 917 1252 2456 3318 4540 5335 3258 1655 919 444 235 62 20 8 # 1985 7 
# 0 0 4 28 64 75 100 144 356 529 443 460 731 1632 1893 1912 1945 1665 1297 633 304 124 44 14 2 # 1986 8 
# 0 0 0 0 2 3 22 64 43 61 146 250 412 1253 2340 4148 4402 2754 2555 2749 1942 664 200 52 4 # 1987 9 
# 0 0 24 54 99 83 109 108 156 115 52 21 6 3 2 0 0 0 1 0 0 0 0 0 0 # 1988 10 
# 0 0 0 0 0 0 0 2 0 0 4 4 9 40 141 265 392 252 212 233 187 113 59 29 24 # 1990 11 
# 0 0 0 0 0 0 1 2 7 13 36 74 85 154 312 375 617 583 374 210 116 127 41 31 7 # 1991 12 
# 0 0 0 6 10 21 35 42 28 14 7 0 0 0 0 0 0 0 0 0 0 0 0 0 0 # 1992 13 
# 0 0 0 0 0 0 1 10 15 19 16 1 1 0 0 0 0 0 0 1 2 10 19 30 6 # 1993 14 
# 0 0 0 1 4 17 45 82 68 41 21 2 1 0 0 0 0 0 0 0 0 0 0 0 0 # 1994 15 
# 33 31 42 75 62 94 120 118 124 117 128 170 170 315 292 218 150 89 72 73 49 46 17 18 3 # 1995 16 
# 15 7 11 16 29 41 45 61 76 79 70 59 51 84 60 54 25 24 23 29 11 14 3 2 0 # 1996 17 
# 8 9 16 33 54 54 59 61 70 92 103 185 232 401 539 506 257 132 95 42 11 11 8 15 6 # 1997 18 
# 0 0 0 0 2 2 8 4 6 10 9 6 2 17 38 86 111 145 126 77 63 44 28 42 5 # 1998 19 
# 0 0 0 0 0 0 2 4 7 13 29 50 57 82 133 138 160 150 114 78 69 46 30 19 5 # 1999 20 
# 0 0 0 0 3 0 9 17 19 36 28 43 68 120 145 151 177 197 152 80 54 40 23 28 12 # 2000 21 
# 1 1 2 2 6 12 17 11 25 35 79 106 124 301 409 379 312 305 283 194 142 75 60 63 16 # 2001 22 
# 1 1 2 0 3 4 13 20 38 42 51 88 124 215 287 314 349 256 196 118 92 60 48 38 21 # 2002 23 
# 1 2 1 9 6 11 33 35 105 143 176 200 239 390 374 351 328 296 234 153 131 108 60 61 16 # 2003 24 
# 3 0 2 6 14 30 59 111 112 125 180 261 304 557 560 401 343 322 299 223 153 98 50 65 28 # 2004 25 
# 0 0 4 3 4 10 25 52 82 141 147 140 180 335 348 290 210 155 101 92 56 40 23 19 6 # 2005 26 
# 0 0 0 3 7 12 33 50 101 81 102 141 180 309 233 193 173 109 76 56 49 51 32 23 2 # 2006 27 
# 0 1 1 0 2 2 7 6 21 21 33 43 43 66 79 62 46 14 11 14 21 11 6 3 3 # 2007 28 
# 0 0 0 4 3 12 28 30 26 40 42 63 107 210 183 175 153 85 57 37 33 22 18 15 8 # 2008 29 
# 0 0 0 1 0 2 2 5 2 5 11 12 32 63 63 61 50 58 36 21 17 13 8 1 2 # 2009 30 
# 0 0 0 0 2 1 1 4 4 14 13 12 13 63 114 115 114 132 93 51 42 25 14 6 3 # 2010 31 
# 0 0 1 2 2 4 8 13 11 10 13 12 22 71 80 100 67 58 42 20 9 5 1 2 3 # 2011 32 
# 0 0 0 3 7 9 7 14 11 7 5 12 16 32 44 43 46 59 30 7 6 2 1 8 5 # 2012 33 
# 1 1 1 1 3 2 6 10 15 12 7 9 13 35 52 73 59 60 50 35 10 6 2 0 1 # 2013 34 
# 0 0 1 1 4 2 2 4 1 7 4 7 16 30 24 26 19 28 25 22 3 4 1 2 1 # 2014 35 
0 1 0 0 0 1 1 7 58 100 296 404 332 333 656 1130 937 650 576 301 180 172 124 179 127 # 1979 1      
4 1 1 6 8 39 137 363 568 495 430 573 730 1444 1237 991 883 773 598 343 139 63 36 42 41 # 1980 2      
0 0 0 4 0 1 4 21 46 104 156 281 356 705 945 1199 1137 713 702 617 330 139 80 147 103 # 1981 3      
0 0 0 0 1 2 12 10 26 74 278 967 2023 4313 3903 3509 3165 2952 4446 4001 2030 1648 1089 1620 715 # 1982 4      
0 0 1 3 7 17 11 36 28 61 139 257 686 3369 6914 6804 4309 2754 2769 1854 705 407 285 309 230 # 1983 5      
9 9 21 14 32 89 130 133 103 144 293 485 839 2726 4687 4934 3670 2104 1215 829 406 133 72 67 45 # 1984 6      
0 1 2 5 21 65 133 242 193 238 498 917 1252 2456 3318 4540 5335 3258 1655 919 444 235 62 20 8 # 1985 7      
0 0 4 28 64 75 100 144 356 529 443 460 731 1632 1893 1912 1945 1665 1297 633 304 124 44 14 2 # 1986 8      
0 0 0 0 2 3 22 64 43 61 146 250 412 1253 2340 4148 4402 2754 2555 2749 1942 664 200 52 4 # 1987 9      
0 0 24 54 99 83 109 108 156 115 52 21 6 3 2 0 0 0 1 0 0 0 0 0 0 # 1988 10      
25 2 3 9 2 17 14 15 45 69 184 235 361 506 311 281 274 230 131 59 28 27 17 16 2 # 1990 11      
42 27 40 53 76 91 105 156 207 324 437 461 608 1044 1071 757 490 405 329 170 147 108 60 20 1 # 1991 12      
37 35 45 39 30 9 7 6 8 5 5 9 6 13 16 18 9 17 21 11 6 7 1 1 0 # 1992 13      
20 23 33 52 54 66 97 85 83 75 81 50 78 111 119 84 62 49 32 21 2 8 1 0 0 # 1993 14      
22 45 83 68 41 23 6 4 2 7 7 8 7 14 18 11 4 4 5 8 4 4 2 6 0 # 1994 15      
33 31 42 75 62 94 120 118 124 117 128 170 170 315 292 218 150 89 72 73 49 46 17 18 3 # 1995 16      
15 7 11 16 29 41 45 61 76 79 70 59 51 84 60 54 25 24 23 29 11 14 3 2 0 # 1996 17      
8 9 16 33 54 54 59 61 70 92 103 185 232 401 539 506 257 132 95 42 11 11 8 15 6 # 1997 18      
3 5 5 8 8 16 16 15 23 27 48 66 78 153 205 144 86 68 31 17 10 3 0 0 0 # 1998 19      
32 30 24 54 65 80 128 144 144 166 219 206 248 363 480 390 230 154 154 122 94 63 25 7 2 # 1999 20      
0 0 0 1 2 4 14 19 24 34 32 58 66 126 152 161 194 191 120 66 53 35 19 25 11 # 2000 21      
1 2 1 2 10 8 4 14 27 50 95 102 153 343 404 338 305 264 226 139 89 48 29 37 10 # 2001 22      
1 1 2 1 2 6 18 32 39 44 67 112 133 233 311 330 316 246 157 112 82 54 38 32 16 # 2002 23      
1 2 5 6 11 20 37 61 117 176 190 210 254 394 355 325 334 286 226 140 139 83 62 51 16 # 2003 24      
3 1 2 6 19 41 99 122 104 159 203 291 369 570 516 373 324 327 288 206 131 72 47 58 25 # 2004 25      
0 2 4 2 6 14 40 68 107 149 145 151 183 382 322 261 196 138 119 95 90 61 49 32 33 # 2005 26      
0 0 0 5 8 22 33 72 101 88 128 150 185 315 220 201 171 86 75 87 60 51 32 27 11 # 2006 27      
1 0 1 0 0 6 3 17 19 23 42 41 34 77 73 59 43 20 21 14 25 13 15 11 17 # 2007 28      
0 0 3 2 7 20 27 31 26 42 56 88 114 204 185 183 125 84 66 38 39 30 18 16 13 # 2008 29      
0 0 0 1 2 1 5 1 3 9 13 18 36 75 64 61 72 59 36 36 28 16 13 3 3 # 2009 30      
0 0 0 0 2 1 6 2 7 20 7 17 21 96 115 130 127 142 94 51 39 23 13 4 4 # 2010 31      
0 0 1 2 4 5 12 11 11 12 10 16 38 111 130 124 98 89 68 47 39 21 13 8 15 # 2011 32      
0 0 1 3 9 7 10 16 6 11 12 17 27 43 58 59 58 82 30 16 10 9 9 16 12 # 2012 33      
2 0 2 1 3 4 8 15 14 8 9 15 21 53 93 83 76 80 74 33 18 13 3 7 7 # 2013 34      
0 0 1 2 3 2 1 3 3 5 4 2 16 16 17 19 17 13 12 11 3 1 1 2 2 # 2014 35 
0 0 0 0 0 0 1 0 1 0 5 5 6 5 20 16 15 14 10 4 1 1 0 0 0 # 2016 36 
1 2 4 9 8 7 10 16 35 47 66 136 215 447 477 342 259 221 267 179 111 53 16 2 1 # 2018 37 
# less than 100 ATF measured in 2015 - 2017 fisheries…  
#============================================================================== 
#============================================================================== 
##<<<<<<<<------------ WEIGHT AT AGE DATA ----------------->>>>>>>> 
#============================================================================== 
#============================================================================== 
# 
# ##__________________________________________________________ 
#nyrs_wt_at_age : number of years of weight at age data
##__________________________________________________________ 
40 40 40
##__________________________________________________________ 
#yrs_wt_at_age : weight at age data years 
##__________________________________________________________ 
1979 1980 1981 1982 1983 1984 1985 1986 1987 1988 1989 1990 1991 1992 1993 1994 1995 1996 1997 1998 1999 2000 2001 2002 2003 2004 2005 2006 2007 2008 2009 2010 2011 2012 2013 2014 2015 2016 2017 2018
1979 1980 1981 1982 1983 1984 1985 1986 1987 1988 1989 1990 1991 1992 1993 1994 1995 1996 1997 1998 1999 2000 2001 2002 2003 2004 2005 2006 2007 2008 2009 2010 2011 2012 2013 2014 2015 2016 2017 2018
1979 1980 1981 1982 1983 1984 1985 1986 1987 1988 1989 1990 1991 1992 1993 1994 1995 1996 1997 1998 1999 2000 2001 2002 2003 2004 2005 2006 2007 2008 2009 2010 2011 2012 2013 2014 2015 2016 2017 2018
##__________________________________________________________ 
#wt : mean wt at age used for survey and nat mort calculations 
# WALLEYE POLLOCK
##__________________________________________________________
0.01323365 0.09420484 0.2178158 0.3644347 0.5218536 0.6820565 0.8397522 0.9915121 1.135207 1.269622 1.394183 1.591212 # 1979 1
0.01323365 0.09420484 0.2178158 0.3644347 0.5218536 0.6820565 0.8397522 0.9915121 1.135207 1.269622 1.394183 1.591212 # 1980 2
0.01328497 0.09551527 0.2218462 0.3722728 0.5342383 0.6994421 0.8623706 1.019426 1.168356 1.307854 1.437285 1.642365 # 1981 3
0.031871224 0.075186374 0.1679663 0.348916962 0.425297847 0.643747165 0.998681674 1.085515902 1.166361975 1.354272964 1.552064357 1.918939132 # 1982 4
0.017393809 0.141313627 0.241806885 0.360026274 0.489914366 0.572428132 0.713974694 1.057047615 1.100810545 0.98997982 1.07470938 1.343092234 # 1983 5
0.014057076 0.072449458 0.250629338 0.362426062 0.48886538 0.622582099 0.758918998 0.999529461 1.191830006 1.388738724 1.481671874 1.630106436 # 1984 6
0.013549291 0.104355437 0.234818632 0.394095063 0.485618114 0.615812039 0.75249829 0.868800603 1.40013969 1.091833069 1.245806038 1.880045845 # 1985 7
0.011730163 0.101955014 0.195047263 0.345255066 0.452698721 0.636289459 0.716317818 0.845273957 0.995476252 1.236911227 1.274868436 1.930571969 # 1986 8
0.017441665 0.109681581 0.270559811 0.356122108 0.435398589 0.524520272 0.695544842 0.777178395 0.868628883 0.956341492 1.133564145 1.794500436 # 1987 9
0.018388785 0.108357895 0.300046639 0.347271938 0.446431093 0.513206002 0.588595774 0.739759188 0.839048308 0.978431141 1.171230429 1.326361007 # 1988 10
0.015641812 0.091536768 0.176704531 0.363214382 0.43188785 0.514396298 0.616536393 0.654589781 0.89435365 0.888739562 1.005671382 1.086479682 # 1989 11
0.012647961 0.102228442 0.15954771 0.38513389 0.503057712 0.568476505 0.605321716 0.713555653 0.775669527 1.024196736 1.03845261 1.14561857 # 1990 12
0.01944445 0.108252507 0.156461855 0.371385691 0.492157904 0.581227863 0.688879628 0.731175096 0.85866908 0.889801421 1.055210286 1.375561639 # 1991 13
0.014178377 0.11345733 0.284115607 0.384510047 0.549779557 0.646604274 0.783777712 0.828338326 0.880334834 0.964002276 1.067007408 1.256812168 # 1992 14
0.01181974 0.072052892 0.322599842 0.447838099 0.49299942 0.539617152 0.643945921 0.777729118 0.962942526 1.016881171 1.129813689 1.416594251 # 1993 15
0.014690312 0.086165247 0.242097182 0.47871877 0.570174017 0.630398491 0.706960632 0.943517669 1.120632495 1.074950268 1.151910529 1.384255031 # 1994 16
0.01263642 0.088343474 0.170425206 0.371040279 0.474449019 0.627252046 0.652453729 0.783891458 0.899530746 1.099486156 1.044712268 1.331113216 # 1995 17
0.01675515 0.080521231 0.153694442 0.326784333 0.496211995 0.575992597 0.696485161 0.778836405 0.938872965 1.020987554 1.271397706 1.494662856 # 1996 18
0.016234995 0.053126079 0.237302202 0.337008535 0.406225331 0.536663279 0.677449172 0.769448281 0.937449508 1.013007556 1.122740689 1.381879 # 1997 19
0.01634109 0.06967323 0.18395847 0.343457052 0.467325173 0.508788998 0.659699297 0.804256054 0.894104274 0.957632151 1.057476431 1.56660921 # 1998 20
0.014215979 0.079683911 0.216061934 0.353778771 0.416892653 0.557486817 0.631061691 0.761673688 0.961408199 0.985861873 1.074576216 1.568857918 # 1999 21
0.01046947 0.062744664 0.239769422 0.374622247 0.447404517 0.517588065 0.642992422 0.701421721 0.769493627 0.943930509 1.127326 1.433642975 # 2000 22
0.016224849 0.068509007 0.165574302 0.375526689 0.502198922 0.598478222 0.670413334 0.76372212 0.852253043 0.905657722 1.09306099 1.414750039 # 2001 23
0.011467951 0.097455911 0.256041201 0.378668365 0.511936292 0.63415806 0.66269649 0.798329833 0.890662624 0.927567666 0.938674132 1.390040011 # 2002 24
0.020553809 0.106301254 0.34071357 0.431101045 0.567624167 0.687699017 0.744669538 0.849112783 0.903518873 0.963793721 0.969339234 1.08772699 # 2003 25
0.019404381 0.099154638 0.305125979 0.480130747 0.554073566 0.676394254 0.751544275 0.782959048 0.933529769 0.940873734 1.027809789 1.209550643 # 2004 26
0.018445775 0.078518394 0.240513496 0.391287336 0.510362644 0.583253824 0.68831302 0.792107211 0.862327471 0.90140993 1.005624768 1.163133659 # 2005 27
0.00931117 0.08132745 0.14851422 0.375315876 0.514662519 0.605154692 0.716904927 0.803342831 0.896460659 1.027403783 1.070192948 1.242019823 # 2006 28
0.012229249 0.095294788 0.311736257 0.443167691 0.547936238 0.668329075 0.771247587 0.837861801 0.915181194 1.059712693 1.108413383 1.251129228 # 2007 29
0.014094157 0.054279565 0.22928535 0.427276881 0.529998373 0.643420241 0.756664467 0.857774606 0.91936506 1.059508689 1.204851527 1.392695686 # 2008 30
0.010376478 0.113182122 0.22155185 0.411230758 0.563214293 0.686879284 0.84501317 0.915263176 0.956244121 1.16628775 1.16505241 1.53824812 # 2009 31
0.018466123 0.078232404 0.244354571 0.4027184 0.541105817 0.669874509 0.8933253 0.978148202 1.015991923 1.113304552 1.145580079 1.536178879 # 2010 32
0.014640918 0.112349416 0.233275883 0.425946504 0.548479995 0.640717298 0.794541018 0.995259834 1.09421236 1.140071058 1.229364446 1.435685123 # 2011 33
0.013375986 0.079705948 0.206783152 0.361043331 0.535479056 0.662714892 0.794216647 0.915873717 1.190771037 1.216321331 1.271804511 1.566472235 # 2012 34
0.017066309 0.06862558 0.225205387 0.423763032 0.49225945 0.617416583 0.823676879 0.970024042 1.079252287 1.212366721 1.28790702 1.523777394 # 2013 35
0.016262659 0.100495194 0.219225322 0.359779996 0.476642416 0.601353251 0.653130277 0.880670257 0.966110461 1.105464114 1.288349495 1.4337626 # 2014 36
0.019334679 0.092677248 0.288273618 0.391657484 0.517743591 0.595091147 0.717680482 0.802753698 1.037410968 1.068790319 1.304994392 1.557596257 # 2015 37
0.022516319 0.083460929 0.241921837 0.434082258 0.507849995 0.603488265 0.6897681 0.774718989 0.837225941 0.915688442 1.062030931 1.365713015 # 2016 38
0.021695848 0.098126926 0.198306373 0.398275248 0.527987789 0.595204387 0.685967599 0.736540379 0.818095286 0.819148452 0.947346988 1.224129811 # 2017 39
0.020371863 0.072853995 0.206184551 0.374389232 0.495020775 0.602693838 0.696799029 0.74444716 0.839313769 0.877787425 0.959051812 1.035585012 # 2018 40   
# PACIFIC COD
##__________________________________________________________ 
0.03807593 0.2370012 0.6697768 1.344427 2.230181 3.278491 4.436595 5.655216 6.89228 8.11417 9.295568 11.02774 # 1979 1
0.03807593 0.2370012 0.6697768 1.344427 2.230181 3.278491 4.436595 5.655216 6.89228 8.11417 9.295568 11.02774 # 1980 2
0.03835792 0.2449184 0.7029467 1.426717 2.387037 3.533477 4.809341 6.160511 7.539961 8.909496 10.23985 12.20219 # 1981 3
0.03886404 0.2609778 0.7723304 1.602268 2.72659 4.091897 5.63351 7.28685 8.993806 10.70566 12.38387 14.88881 # 1982 4
0.03807593 0.2370012 0.6697768 1.344427 2.230181 3.278491 4.436595 5.655216 6.89228 8.11417 9.295568 11.02774 # 1983 5
0.03819151 0.240171 0.6829754 1.377042 2.292166 3.37902 4.583268 5.853721 7.146363 8.425791 9.665151 11.48672 # 1984 6
0.0380086 0.2351993 0.6623225 1.326083 2.195424 3.22226 4.354719 5.544595 6.750893 7.940986 9.090402 10.77334 # 1985 7
0.037843 0.2308979 0.644669 1.282862 2.113844 3.090671 4.16359 5.286901 6.422123 7.538909 8.614727 10.18465 # 1986 8
0.03824615 0.2417048 0.6894011 1.392982 2.322549 3.428408 4.655462 5.951584 7.271798 8.579816 9.848017 11.71415 # 1987 9
0.03795317 0.2337394 0.6563084 1.311324 2.167516 3.177182 4.289169 5.456129 6.637933 7.802739 8.926744 10.57062 # 1988 10
0.03822256 0.2410397 0.6866114 1.386056 2.309342 3.40693 4.624055 5.908998 7.217201 8.512759 9.768389 11.61509 # 1989 11
0.03808449 0.2372327 0.6707369 1.346793 2.23467 3.285762 4.447191 5.669542 6.910601 8.136623 9.322179 11.06076 # 1990 12
0.03807892 0.2370819 0.6701114 1.345251 2.231745 3.281024 4.440286 5.660206 6.898661 8.12199 9.304836 11.03924 # 1991 13
0.0378873 0.2320311 0.6493005 1.294171 2.135147 3.124979 4.213356 5.353926 6.507553 7.643302 8.738139 10.33723 # 1992 14
0.03684569 0.208143 0.5545821 1.067304 1.713808 2.453995 3.24895 4.065098 4.875664 5.660643 6.406075 7.474006 # 1993 15
0.03788583 0.2319934 0.649146 1.293793 2.134435 3.123832 4.211692 5.351684 6.504695 7.639808 8.734008 10.33212 # 1994 16
0.03788926 0.2320815 0.649507 1.294676 2.136098 3.126512 4.215581 5.356924 6.511376 7.647975 8.743664 10.34407 # 1995 17
0.03826787 0.2423213 0.6919908 1.399417 2.334832 3.448395 4.684703 5.991251 7.322673 8.64232 9.922261 11.80655 # 1996 18
0.03814909 0.2389959 0.6780698 1.364899 2.269061 3.341511 4.528498 5.779546 7.051365 8.309222 9.526838 11.31485 # 1997 19
0.03883697 0.2600459 0.7682267 1.591759 2.706081 4.057931 5.583089 7.217604 8.904049 10.59437 12.2506 14.72105 # 1998 20
0.03737417 0.2195993 0.5992463 1.173113 1.908704 2.762334 3.68972 4.651428 5.615113 6.555918 7.455906 8.757497 # 1999 21
0.0375744 0.224278 0.6178895 1.217901 1.992064 2.895304 3.881091 4.907455 5.939588 6.950447 7.920278 9.328159 # 2000 22
0.03749308 0.2223532 0.6101915 1.199363 1.957501 2.840096 3.801545 4.80093 5.804472 6.786042 7.726646 9.089999 # 2001 23
0.03723262 0.2164107 0.5866747 1.143116 1.853156 2.674083 3.563129 4.482541 5.401588 6.296836 7.151519 8.384386 # 2002 24
0.03813073 0.2384918 0.6759697 1.359708 2.259194 3.325506 4.505143 5.747935 7.0109 8.259589 9.46797 11.24173 # 2003 25
0.03768883 0.2270474 0.6290356 1.24485 2.04246 2.975995 3.997582 5.06371 6.138062 7.192245 8.20537 9.679338 # 2004 26
0.03830722 0.2434478 0.6967341 1.411222 2.357387 3.485127 4.73848 6.064245 7.416339 8.757448 10.05907 11.9769 # 2005 27
0.03781718 0.230243 0.6419987 1.276352 2.101593 3.07096 4.135018 5.248445 6.373133 7.479073 8.544018 10.09728 # 2006 28
0.03860875 0.2525386 0.7355169 1.508556 2.544519 3.791407 5.188727 6.677503 8.205623 9.730112 11.21752 13.42401 # 2007 29
0.03864284 0.2536226 0.7402016 1.520411 2.567449 3.829118 5.244386 6.753568 8.303804 9.851409 11.3623 13.60543 # 2008 30
0.03890911 0.2625516 0.7792825 1.620107 2.761454 4.149707 5.719409 7.404914 9.146949 10.89568 12.61154 15.17558 # 2009 31
0.03926501 0.2760715 0.840139 1.778145 3.073085 4.670103 6.497199 8.479259 10.54646 12.63861 14.70674 17.82692 # 2010 32
0.03855783 0.2509421 0.7286407 1.491194 2.510988 3.736332 5.107527 6.566631 8.062624 9.553563 11.0069 13.16032 # 2011 33
0.03807593 0.2370012 0.6697768 1.344427 2.230181 3.278491 4.436595 5.655216 6.89228 8.11417 9.295568 11.02774 # 2012 34
0.03807593 0.2370012 0.6697768 1.344427 2.230181 3.278491 4.436595 5.655216 6.89228 8.11417 9.295568 11.02774 # 2013 35
0.03807593 0.2370012 0.6697768 1.344427 2.230181 3.278491 4.436595 5.655216 6.89228 8.11417 9.295568 11.02774 # 2014 36
0.03807593 0.2370012 0.6697768 1.344427 2.230181 3.278491 4.436595 5.655216 6.89228 8.11417 9.295568 11.02774 # 2015 37
0.03807593 0.2370012 0.6697768 1.344427 2.230181 3.278491 4.436595 5.655216 6.89228 8.11417 9.295568 11.02774 # 2016 38
0.03807593 0.2370012 0.6697768 1.344427 2.230181 3.278491 4.436595 5.655216 6.89228 8.11417 9.295568 11.02774 # 2017 39
0.03807593 0.2370012 0.6697768 1.344427 2.230181 3.278491 4.436595 5.655216 6.89228 8.11417 9.295568 11.02774 # 2018 40  
# ARROWTOOTH FLOUNDR
##__________________________________________________________ 
0.0132186 0.06416953 0.1684362 0.3277679 0.5360902 0.7843536 1.06319 1.363962 1.679017 2.001654 2.326056 2.647243 2.961047 3.264092 3.553761 3.828146 4.085977 4.326539 4.549589 4.755261 4.944522 # 1979 1    
0.0132186 0.06416953 0.1684362 0.3277679 0.5360902 0.7843536 1.06319 1.363962 1.679017 2.001654 2.326056 2.647243 2.961047 3.264092 3.553761 3.828146 4.085977 4.326539 4.549589 4.755261 4.944522 # 1980 2    
0.0132186 0.06416953 0.1684362 0.3277679 0.5360902 0.7843536 1.06319 1.363962 1.679017 2.001654 2.326056 2.647243 2.961047 3.264092 3.553761 3.828146 4.085977 4.326539 4.549589 4.755261 4.944522 # 1981 3    
0.0132186 0.06416953 0.1684362 0.3277679 0.5360902 0.7843536 1.06319 1.363962 1.679017 2.001654 2.326056 2.647243 2.961047 3.264092 3.553761 3.828146 4.085977 4.326539 4.549589 4.755261 4.944522 # 1982 4    
0.0132449 0.06397993 0.1673963 0.3249681 0.5305165 0.775014 1.049188 1.344533 1.653538 1.96965 2.287195 2.601324 2.907992 3.203929 3.486613 3.754209 4.005508 4.239842 4.456997 4.657128 4.841196 # 1983 5    
0.01329546 0.06360747 0.1653755 0.3195553 0.519779 0.7570716 1.02235 1.307361 1.604871 1.908606 2.21316 2.513938 2.807123 3.089648 3.359162 3.613973 3.852984 4.075608 4.28169 4.471421 4.64575 # 1984 6    
0.01321826 0.06417197 0.1684496 0.3278042 0.5361626 0.7844749 1.063372 1.364215 1.679349 2.002071 2.326562 2.647842 2.961739 3.264877 3.554637 3.829111 4.087027 4.327671 4.550798 4.756542 4.945872 # 1985 7    
0.0132227 0.06414016 0.1682746 0.3273323 0.5352222 0.7828979 1.061006 1.36093 1.675039 1.996655 2.319985 2.640067 2.952753 3.254685 3.543259 3.81658 4.073386 4.312972 4.535097 4.7399 4.928346 # 1986 8    
0.01335883 0.06312483 0.162799 0.3127073 0.5062671 0.7345869 0.9888308 1.261067 1.544409 1.832927 2.121546 2.40598 2.682691 2.948856 3.202332 3.441596 3.665683 3.874106 4.066777 4.243926 4.406486 # 1987 9    
0.01318814 0.06438569 0.1696312 0.3309973 0.5425362 0.7951763 1.079442 1.386545 1.708666 2.038933 2.371365 2.700824 3.022999 3.334387 3.632264 3.91463 4.180145 4.42804 4.658034 4.870236 5.065622 # 1988 10    
0.01326085 0.06386358 0.1667619 0.323265 0.5271326 0.7693524 1.040711 1.332782 1.638142 1.950326 2.263745 2.573632 2.876013 3.167684 3.446176 3.709702 3.957087 4.187689 4.401314 4.598129 4.779091 # 1989 11    
0.01327948 0.06372634 0.1660173 0.3212704 0.5231758 0.7627406 1.030821 1.319084 1.620208 1.927831 2.236463 2.54143 2.838842 3.125571 3.39921 3.658025 3.900881 4.127168 4.336713 4.529696 4.707069 # 1990 12    
0.01325468 0.06390871 0.1670076 0.3239243 0.5284419 0.7715422 1.043989 1.337324 1.644092 1.957793 2.272805 2.58433 2.888365 3.181683 3.461792 3.726888 3.975783 4.207825 4.422811 4.620905 4.803064 # 1991 13    
0.01318344 0.06441873 0.1698148 0.3314945 0.5435301 0.7968471 1.081953 1.390038 1.713255 2.044707 2.378386 2.709131 3.032608 3.345295 3.644449 3.928059 4.194771 4.443809 4.674885 4.888107 5.084448 # 1992 14    
0.01323023 0.06408599 0.1679771 0.3265306 0.5336254 0.7802213 1.056992 1.355359 1.667732 1.987475 2.308835 2.62689 2.937527 3.237416 3.523984 3.795354 4.050283 4.288078 4.508509 4.711718 4.898672 # 1993 15    
0.01313712 0.06473998 0.1716121 0.336379 0.5533174 0.8133297 1.106765 1.424586 1.758693 2.101928 2.448025 2.791582 3.128042 3.453686 3.7656 4.061632 4.340315 4.600789 4.842703 5.066127 5.272042 # 1994 16    
0.01308907 0.06506515 0.1734552 0.3414182 0.5634575 0.830462 1.132623 1.460672 1.806245 2.161908 2.521129 2.878247 3.22847 3.567867 3.893342 4.20259 4.494025 4.766691 5.020172 5.254494 5.470648 # 1995 17    
0.01335029 0.06269276 0.1607645 0.3071212 0.4945539 0.7137956 0.9559219 1.213171 1.479018 1.748016 2.015624 2.278088 2.532366 2.776071 3.007423 3.225196 3.428647 3.617451 3.791627 3.951468 4.097955 # 1996 18    
0.01333855 0.06328128 0.163629 0.314907 0.5105985 0.7417832 0.9995447 1.275848 1.563696 1.857048 2.150725 2.440344 2.722276 2.993623 3.252176 3.496358 3.725164 3.938075 4.134982 4.316105 4.482379 # 1997 19    
0.0133176 0.06344093 0.1644811 0.3171715 0.5150661 0.7492172 1.010626 1.291152 1.583683 1.882065 2.181009 2.476029 2.763406 3.04016 3.304012 3.553333 3.78707 4.004673 4.206012 4.391292 4.561455 # 1998 20    
0.01307071 0.06518729 0.1741539 0.3433365 0.5673288 0.8370177 1.142536 1.474528 1.824526 2.184995 2.549296 2.911669 3.267231 3.611967 3.942711 4.2571 4.553497 4.830911 5.088901 5.327473 5.547622 # 1999 21    
0.01319349 0.06434794 0.1694218 0.3304304 0.5414034 0.7932726 1.076581 1.382568 1.703441 2.032361 2.363374 2.691371 3.012065 3.321978 3.618402 3.899355 4.163509 4.410106 4.638869 4.849915 5.044214 # 2000 22    
0.01327583 0.06375336 0.1661636 0.321662 0.523952 0.7640369 1.032759 1.321767 1.62372 1.932235 2.241803 2.547731 2.846114 3.133809 3.408396 3.66813 3.911871 4.139001 4.349342 4.543073 4.721146 # 2001 23    
0.01331492 0.06346121 0.1645897 0.3174606 0.5156372 0.7501682 1.012045 1.293113 1.586245 1.885273 2.184893 2.480608 2.768685 3.046134 3.310669 3.56065 3.795023 4.013231 4.215141 4.400956 4.57162 # 2002 24    
0.01340422 0.06276735 0.1609203 0.3077513 0.4965397 0.7184653 0.9648767 1.228076 1.501422 1.779231 2.056662 2.329643 2.594831 2.849572 3.091865 3.320305 3.534016 3.732578 3.915948 4.084382 4.238799 # 2003 25    
0.01321566 0.06467177 0.1709689 0.334899 0.5512337 0.8114404 1.106299 1.426989 1.765415 2.114275 2.467066 2.818113 3.162586 3.496518 3.816785 4.121063 4.407754 4.675902 4.925092 5.15535 5.367565 # 2004 26    
0.01350931 0.06189782 0.1564511 0.2960878 0.4738176 0.681025 0.9095082 1.152118 1.402785 1.656383 1.908597 2.155838 2.395195 2.624387 2.841727 3.046063 3.236715 3.413401 3.576173 3.725339 3.86178 # 2005 27    
0.01309118 0.06505104 0.1733747 0.3411975 0.5630125 0.829709 1.131485 1.459083 1.804148 2.159262 2.517901 2.874418 3.22403 3.562816 3.887689 4.19635 4.487217 4.759341 5.012307 5.246144 5.461842 # 2006 28    
0.01309064 0.06505467 0.1733954 0.3412543 0.5631271 0.8299028 1.131778 1.459492 1.804688 2.159943 2.518732 2.875403 3.225173 3.564116 3.889144 4.197956 4.488969 4.761232 5.014331 5.248293 5.464108 # 2007 29    
0.01309042 0.06505612 0.1734037 0.3412769 0.5631727 0.82998 1.131894 1.459655 1.804902 2.160214 2.519063 2.875796 3.225628 3.564633 3.889723 4.198595 4.489666 4.761985 5.015137 5.249148 5.46501 # 2008 30    
0.01310355 0.06496799 0.172902 0.3399024 0.5604027 0.8252949 1.124817 1.44977 1.791869 2.143764 2.499004 2.852006 3.198049 3.533267 3.85462 4.15985 4.447405 4.716361 4.966321 5.197324 5.410359 # 2009 31    
0.01317828 0.06445492 0.1700161 0.3320403 0.5446216 0.7986828 1.084713 1.393877 1.7183 2.051056 2.386108 2.718268 3.043179 3.357295 3.657857 3.942835 4.210866 4.461164 4.693433 4.907777 5.105171 # 2010 32    
0.01326346 0.06384448 0.166658 0.3229865 0.5265796 0.7684279 1.039327 1.330865 1.635631 1.947176 2.259923 2.56912 2.870804 3.161781 3.439592 3.702457 3.949206 4.179202 4.392254 4.58853 4.768987 # 2011 33    
0.0132186 0.06416953 0.1684362 0.3277679 0.5360902 0.7843536 1.06319 1.363962 1.679017 2.001654 2.326056 2.647243 2.961047 3.264092 3.553761 3.828146 4.085977 4.326539 4.549589 4.755261 4.944522 # 2012 34    
0.0132186 0.06416953 0.1684362 0.3277679 0.5360902 0.7843536 1.06319 1.363962 1.679017 2.001654 2.326056 2.647243 2.961047 3.264092 3.553761 3.828146 4.085977 4.326539 4.549589 4.755261 4.944522 # 2013 35    
0.0132186 0.06416953 0.1684362 0.3277679 0.5360902 0.7843536 1.06319 1.363962 1.679017 2.001654 2.326056 2.647243 2.961047 3.264092 3.553761 3.828146 4.085977 4.326539 4.549589 4.755261 4.944522 # 2014 36    
0.0132186 0.06416953 0.1684362 0.3277679 0.5360902 0.7843536 1.06319 1.363962 1.679017 2.001654 2.326056 2.647243 2.961047 3.264092 3.553761 3.828146 4.085977 4.326539 4.549589 4.755261 4.944522 # 2015 37    
0.0132186 0.06416953 0.1684362 0.3277679 0.5360902 0.7843536 1.06319 1.363962 1.679017 2.001654 2.326056 2.647243 2.961047 3.264092 3.553761 3.828146 4.085977 4.326539 4.549589 4.755261 4.944522 # 2016 38    
0.0132186 0.06416953 0.1684362 0.3277679 0.5360902 0.7843536 1.06319 1.363962 1.679017 2.001654 2.326056 2.647243 2.961047 3.264092 3.553761 3.828146 4.085977 4.326539 4.549589 4.755261 4.944522 # 2017 39   
0.0132186 0.06416953 0.1684362 0.3277679 0.5360902 0.7843536 1.06319 1.363962 1.679017 2.001654 2.326056 2.647243 2.961047 3.264092 3.553761 3.828146 4.085977 4.326539 4.549589 4.755261 4.944522 # 2018 40     
# 
#============================================================================== 
#============================================================================== 
##<<<<<<<<------------ OTHER DATA ----------------->>>>>>>> 
#============================================================================== 
#============================================================================== 
# 
# 
##__________________________________________________________ 
#pmature : Proportion mature
##__________________________________________________________ 
0 0.008 0.289 0.641 0.842 0.901 0.947 0.963 0.97 1 1 1 
0 0.0230034 0.0582256 0.139669 0.298879 0.52816 0.746145 0.885295 0.952977 0.981555 0.992895 0.997282 
0 0 0 0.023364486 0.388888889 0.837937385 0.973474801 0.995967742 0.9992 1 1 1 1 1 1 1 1 1 1 1 1     
##__________________________________________________________ 
#M1_base : residual mortality, M1_base(1nspp1nages)
##__________________________________________________________  
1.5058 0.3798 0.33 0.3123 0.3031 0.3037 0.3033 0.3027 0.3045 0.3001 0.3008 0.3021
0.6851 0.4144 0.3806 0.3801 0.3801 0.3801 0.3801 0.3801 0.3801 0.3801 0.3801 0.3801
0.6126 0.2834 0.2805 0.2544 0.2506 0.2435 0.239 0.2348 0.231 0.2275 0.2243 0.2214 0.2188 0.2165 0.2144 0.2126 0.211 0.2095 0.2083 0.2072 0.2063
#============================================================================== 
#============================================================================== 
##<<<<<<<<------------ SURVEY BIOMASS DATA ----------------->>>>>>>> 
#============================================================================== 
#============================================================================== 
# 
# 
##__________________________________________________________ 
#nyrs_srv_biom : Number of years of survey biomass data (by number of species...) 
##__________________________________________________________ 
37 37 37
##__________________________________________________________ 
#yrs_srv_biom : Years of survey biomass data (by spp)  
##__________________________________________________________ 
1982 1983 1984 1985 1986 1987 1988 1989 1990 1991 1992 1993 1994 1995 1996 1997 1998 1999 2000 2001 2002 2003 2004 2005 2006 2007 2008 2009 2010 2011 2012 2013 2014 2015 2016 2017 2018
1982 1983 1984 1985 1986 1987 1988 1989 1990 1991 1992 1993 1994 1995 1996 1997 1998 1999 2000 2001 2002 2003 2004 2005 2006 2007 2008 2009 2010 2011 2012 2013 2014 2015 2016 2017 2018
1982 1983 1984 1985 1986 1987 1988 1989 1990 1991 1992 1993 1994 1995 1996 1997 1998 1999 2000 2001 2002 2003 2004 2005 2006 2007 2008 2009 2010 2011 2012 2013 2014 2015 2016 2017 2018
##__________________________________________________________
#srv_biom : Survey biomass data (by spp) x1000
##__________________________________________________________
#2912869.46 5921380.16 4542404.99 5949852.34 4835722.13 5498433.45 7183962.71 6550414.87 7296652.94 5129537.61 4526153.25 5294816.27 5027325.31 5477837.81 3125253.08 3562163.12 2687755.27 3798474.08 5103629.01 4196853.9 4953438.27 8392260.85 3862974.16 4868615.63 3045380.11 4338219.9 3023267.26 2282409.6 3737878.33 3112312.23 3487228.58 4575402.88 7429952.48 6394358.6 4910079.82 4814372.77 4814372.77 # UPDATE!
4069210.419 8409192.322 6408683.34 8250365.179 6825572.169 7892194.066 11088283.64 9795795.211 11899774.43 7389523.346 6210927.575 7089352.255 7100031.31 9107058.623 4079746.944 5019416.752 3509910.059 5454721.391 7355106.687 5439751.954 6770722.978 13508104.74 5105803.667 6696467.023 3886151.484 6145110.96 3994328.355 2989696.394 5131698.91 3948603.132 4613870.77 6114896.548 10331245.82 8587401.763 6607636.871 6256373.881 4187423.749
878340.2798 975437.1239 858160.1503 900513.046 941285.6264 881126.6991 808051.9573 702956.7595 565625.4378 438771.056 458643.5755 595459.0256 1242258.539 862997.7306 768727.3725 518265.3439 465484.4163 505938.5623 454330.5365 701155.9751 493890.9637 488342.2083 464984.3652 505924.3922 433788.9845 356939.8978 356198.7907 373365.6361 735795.967 763324.5635 770416.8622 671634.3024 935409.5785 979166.0301 827734.1591 528963.8908 414556.9404
69990 110643 160396 163637 229865 294710 310933 374317 435211 336457 421985 542827 570835 475339 552269 482684 369118 258809 336163 409306 356665 543569 549338 772988 670132 547496 588342 456371 586954 568200 445736 405509 465616 409243 475264 424194 511192
##__________________________________________________________
#srv_biom_se
##__________________________________________________________
#366650.887 499143.761 464160.13 418009.085 478095.576 610657.757 747658.604 604703.923 959543.343 640562.639 513351.364 470340.156 527058.013 1038778 277008.769 422762.046 294522.597 448444.999 575116.008 339921.12 449589.518 2033046.05 357189.396 451533.112 283799.074 447324.593 345552.195 277023.101 429270.745 282800.353 343685.871 366207.184 484924.657 402369.249 449028.107 359596.604 359596.604
656509.7702 870965.5366 810746.2153 720564.8504 835889.2747 1195679.18 1547018.253 1118275.333 2044983.554 1290940.431 1025637.265 858715.3006 988306.263 2233498.212 446904.7712 789319.7301 517410.8137 868791.7938 1100241.514 544170.7395 777476.3612 4536024.761 606699.9713 760342.1219 445991.0199 777433.5009 530823.8943 426841.3279 772443.5186 454260.2651 587748.6624 572581.3602 842744.8566 680895.2554 843431.1731 613192.9096 754380.6404
57092.11819 104371.7723 61787.53082 120668.7482 94128.56264 57273.23544 56563.63701 47801.05965 48643.78765 45632.18983 54119.94191 72646.00113 152797.8003 85436.77533 111465.469 75148.47486 42359.08189 47052.2863 41344.07882 66609.81763 49389.09637 60554.43382 39988.6554 70829.41491 26027.33907 93875.19313 36688.47544 32482.81034 96389.27168 71752.50897 71648.76818 110819.6599 118797.0165 112604.0935 79462.47927 47606.75017 30262.65665
7621 10233 23051 14728 23459 20996 35058 35580 38181 39325 49650 46624 52029 64870 56249 59678 39461 62546 53563 35532 32119 45608 38254 50883 48339 39053 46785 41845 44781 40813 43514 36024 32255 25208 23038 27768 35430
##__________________________________________________________
#nyrs_srv_age : Number of years of survey age data (by number of species...) 
##__________________________________________________________ 
37 37 37
##__________________________________________________________ 
#srv_age_type : Type of data: 1 = age composition data, 2=length composition data 
##__________________________________________________________ 
1 
2 
2 
##__________________________________________________________ 
#yrs_srv_age :
##__________________________________________________________ 
1982 1983 1984 1985 1986 1987 1988 1989 1990 1991 1992 1993 1994 1995 1996 1997 1998 1999 2000 2001 2002 2003 2004 2005 2006 2007 2008 2009 2010 2011 2012 2013 2014 2015 2016 2017 2018
1982 1983 1984 1985 1986 1987 1988 1989 1990 1991 1992 1993 1994 1995 1996 1997 1998 1999 2000 2001 2002 2003 2004 2005 2006 2007 2008 2009 2010 2011 2012 2013 2014 2015 2016 2017 2018
1982 1983 1984 1985 1986 1987 1988 1989 1990 1991 1992 1993 1994 1995 1996 1997 1998 1999 2000 2001 2002 2003 2004 2005 2006 2007 2008 2009 2010 2011 2012 2013 2014 2015 2016 2017 2018
##__________________________________________________________ 
#srv_age_bins : Length-bin dimensions pollock and Pacific cod  
##__________________________________________________________ 
12 25 25
##__________________________________________________________ 
#srv_age_n : Sample sizes pollock Pcod
##__________________________________________________________ 
100 100 100 100 100 100 100 100 100 100 100 100 100 100 100 100 100 100 100 100 100 100 100 100 100 100 100 100 100 100 100 100 100 100 100 100 100 
100 100 100 100 100 100 100 100 100 100 100 100 100 100 100 100 100 100 100 100 100 100 100 100 100 100 100 100 100 100 100 100 100 100 100 100 100
100 100 100 100 100 100 100 100 100 100 100 100 100 100 100 100 100 100 100 100 100 100 100 100 100 100 100 100 100 100 100 100 100 100 100 100 100
##__________________________________________________________ 
#srv_age_obs : Age comp from surveys (N)
##__________________________________________________________ 
1113704.709 2844276.083 3486043.515 4588021.5 1549638.861 196807.1426 122901.0906 57618.65106 36162.56589 21814.17063 13169.59638 11664.94051 # 1982 1
1622044.8 691558.6777 1752585.597 3178914.156 6893612.223 2091121.261 372383.1989 195043.6755 86469.17783 75787.2345 56784.2139 36269.7506 # 1983 2
359811.7949 378138.684 533621.4445 1450813.952 1893996.594 4569164.723 883147.3814 189915.7113 87308.10489 29652.64504 20175.60262 20627.07018 # 1984 3
5802421.017 896903.8933 3937056.096 1266840.022 4154804.123 2471668.475 1604502.735 304229.4031 71472.32431 61537.91544 20203.88388 14719.43449 # 1985 4
2284215.163 414823.4464 607887.298 2154736.643 1221930.877 1916892.079 1674952.426 1532204.2 481152.3692 71637.10977 32708.41413 18334.37621 # 1986 5
345509.2919 636376.8538 1019419.824 813964.3255 5117509.123 1435459.932 1369473.693 534248.3329 1633106.813 242748.7623 67995.8306 32257.92604 # 1987 6
910117.3151 581370.1885 2190462.095 4163414.393 1707115.723 5316214.795 1535839.152 1099155.616 619206.5342 1422565.486 130333.5649 120140.5291 # 1988 7
699462.6244 352343.9803 746063.2113 2483280.609 5356327.608 1007942.758 3632818.118 547564.6469 596441.3535 233995.4562 705535.4454 335198.9542 # 1989 8
1485359.231 383082.6363 118703.1178 932538.0619 1991455.561 6591849.499 1340192.396 3237484.479 324618.1754 548918.8668 81536.12409 946852.6261 # 1990 9
2516481.769 789234.7804 279759.9022 98579.10996 700795.1915 698830.4184 2287264.528 858152.9078 1767347.607 445869.3661 571895.9252 535576.0675 # 1991 10
1206924.221 235183.3324 1675988.814 276752.7521 440899.5618 887443.5724 891112.0737 1299864.773 560871.1584 1082189.328 365857.4295 788305.8539 # 1992 11
1954152.611 266829.0136 1090350.261 4454390.682 940902.2037 724261.4479 352908.9154 439192.4038 561534.6965 339690.1043 283861.6396 536364.0226 # 1993 12
1106336.353 433835.3867 502974.2632 1773100.605 4921071.998 826947.1923 209718.6546 161449.9666 166794.7185 323962.1993 172342.8726 531263.6067 # 1994 13
685078.7411 56860.88728 309792.8765 2565867.77 3093085.134 4760101.996 2039781.113 571512.9077 323676.0925 166250.2383 338518.1761 541189.9327 # 1995 14
1176475.453 312351.8218 158136.3089 377005.3583 1220536.533 1657755.884 1318619.933 408347.2157 86818.63815 87970.20974 53960.77073 269576.917 # 1996 15
2445032.158 335838.0128 190685.8651 262250.292 3332479.092 1461899.316 855265.5552 950711.4351 143664.4402 69845.86566 49658.03559 253461.5498 # 1997 16
646834.0455 610533.5539 368193.0952 286958.7539 509853.9353 2796202.077 644882.7426 384650.2334 292642.6345 73181.20623 33124.80072 139770.3681 # 1998 17
821004.0103 932850.3506 1112447.885 1234814.427 672969.9705 1086900.264 2724534.021 710165.6063 341704.8774 309601.5282 118610.5675 168119.8167 # 1999 18
953559.6467 342106.8315 552563.2999 2115496.193 2023357.891 976969.5589 759700.0366 2417071.767 942957.5408 486046.3032 202726.6958 264999.2007 # 2000 19
2055502.781 1162049.134 546099.4634 515719.5603 1328115.172 1374240.694 588135.6891 298070.5705 871086.3715 621228.8132 239361.9314 365477.9129 # 2001 20
605583.0662 344495.8601 1223268.007 1658322.257 1359083.778 1552726.78 797028.2486 370886.0041 486838.9969 919359.1417 455058.0367 413296.349 # 2002 21
250102.547 91705.1069 1081913.248 1745080.483 1855999.936 1795320.179 2519834.598 1543718.82 747146.4009 955047.7517 2009827.207 1483100.081 # 2003 22
308182.9735 227334.0663 174696.1814 1436158.979 1419183.446 1058353.269 613490.4718 655894.994 309205.2779 193170.977 190291.03 553726.2633 # 2004 23
290684.4694 101633.3995 282330.83 1394472.501 3193312.986 1990762.421 968188.7714 423440.7488 312954.1087 229797.7282 59767.02719 485817.133 # 2005 24
808375.8578 44375.00052 60941.85136 394412.3123 1061274.114 1344286.71 849356.5223 402389.4056 222454.5583 184508.2963 87617.1523 331031.7245 # 2006 25
2206193.024 38224.36137 117634.8721 463747.9292 1555856.346 1823797.438 1307287.972 940436.5876 391002.5603 171276.3701 159293.2926 411563.9223 # 2007 26
462586.1419 87841.55511 77170.91751 163200.755 543954.755 1161969.712 919611.149 639147.2088 403433.6657 156725.2405 128281.0634 308817.5618 # 2008 27
764552.4647 232540.5889 501522.0875 483636.8004 247464.9213 376915.679 534490.6028 423315.4997 309103.5887 146747.9988 97683.69608 147064.3076 # 2009 28
442266.1202 120708.5834 248301.0346 3122799.528 1364048.554 410525.335 339623.8499 357109.8645 378122.2901 256063.4814 220492.7897 214627.3281 # 2010 29
1018061.169 112928.4052 280710.024 385619.9779 1969192.626 945664.5436 266670.0052 145188.7342 223977.7359 220408.025 181491.5987 287331.9047 # 2011 30
1147714.729 216927.5984 416962.4908 3301171.353 828163.3742 1319392.877 424619.7036 161565.6638 109593.9751 147415.3541 119483.9531 273946.9307 # 2012 31
1095112.998 93131.60873 205830.0112 992911.7459 5164509.354 1187762.678 717668.7098 244853.3418 81498.63735 72233.11817 95515.59223 222005.9143 # 2013 32
1848324.524 629098.9337 283379.5338 369486.5566 1764155.472 6503771.687 3358343.776 682733.1258 366821.6104 128997.2328 49319.59676 252123.4207 # 2014 33
1025629.564 794067.1346 2377330.262 607368.9449 1254463.92 2318943.857 4459171.816 1285649.544 294479.8849 140546.2319 16210.16651 93065.88907 # 2015 34
677909.4214 429970.5523 614815.2808 3668426.916 1426637.396 906792.6258 1231252.748 1763165.977 343306.8506 132923.038 42202.94258 25821.47849 # 2016 35
544561.8583 280314.598 451767.6144 2461514.986 2916545.376 1252562.786 850785.6774 753124.109 882422.9773 250965.3996 86830.82147 40126.66537 # 2017 36
977983.9536 456163.4939 194715.4772 394045.3117 2740999.581 1487162.749 491258.3082 359039.8677 362305.9598 279079.3801 87311.83108 20525.1815 # 2018 37
# Pcod 
8.43 53.98 220.4 168.7 73.83 18.89 82.34 276.8 653.75 858.78 486.62 443.28 1995.76 1325.11 1274.46 1108.45 806.07 414.12 165.27 76.92 22.73 8.45 3.84 0 0 # 1982 1
102.94 1202.83 1378.52 896.3 237.9 42.36 97.65 281.24 484.62 485.41 230.49 322.99 1841.08 1271.44 1303.96 1065.89 865.72 586.63 292.64 114.55 30.29 7.44 3.97 1.16 0 # 1983 2
31.07 134.02 78.15 107.62 226.34 666.85 1413.54 1815.79 1216.08 669.86 296.13 227.44 738.92 630.9 931.14 920.24 883.94 549.02 327.5 153.04 87.16 26.7 9.72 0.87 0 # 1984 3
60.25 425.78 807.49 1382.26 1732.13 1088.66 321.82 485.31 787.5 907.85 1082.77 1427.53 2584.7 588.9 467.42 564.78 720.78 634.15 464.01 215.76 84.08 29.14 17.65 3.27 0 # 1985 4
61.13 356.42 553.07 276.93 68.57 404.07 1506.31 1883.41 1790.39 1198.72 746.94 399.65 1480.19 1390.1 1074.52 555.87 422.19 434.4 367.72 206.93 122.7 47.74 21.31 8.73 0 # 1986 5
11.88 30.66 156.08 304.81 311.73 149.31 276.11 677.28 781.83 560.71 505.31 723.72 1807.99 622.93 516.14 560.96 536.85 308.18 164.1 139.92 43.93 35.44 13.09 5.66 0.4 # 1987 6
0.35 28.84 44.46 61.18 52.66 128.33 188.71 219.08 336.85 452.58 356.45 416.09 1276.65 835.8 700.38 516.89 353.01 279.19 190.83 124.41 43.66 24.3 14.27 2.55 2.51 # 1988 7
2.18 42.57 109.05 112.3 33.03 20.14 26.59 36.47 57.78 102.9 154.97 136.68 502.28 508.96 519.65 466.84 395.87 333.71 236.52 149.49 82.96 55.2 27.51 21.38 0 # 1989 8
88.79 372.79 621.25 430.39 165.27 106.34 183.04 270.16 305.49 263.82 174.94 124.43 234.71 241.86 333.8 354.53 267.88 229.43 155.71 104.82 63.88 29.45 18.14 6.66 1.43 # 1990 9
35.06 325.81 407 349.05 275.09 235.62 427.88 822.86 910.81 665.43 407.91 202.53 384.85 301.98 217.59 186.99 213.06 151.44 92.12 96.91 39.53 18.28 14.7 7.2 1.28 # 1991 10
0.76 290.71 533.17 674.84 712.69 377.78 758.88 1059.02 994.36 652.95 469.12 568.72 1334.59 466.01 243.97 210.42 173.63 96.77 113.34 71.85 51.92 31.46 26.08 12.32 2.61 # 1992 11
32.2 693.84 1049.09 980.89 846.99 292.48 206.31 473.02 834.09 711.21 508.67 586.08 1467.23 618.57 362.1 268.38 190.32 74.69 58.68 46.68 30.52 24 18.15 15.5 3.33 # 1993 12
11.83 65.54 237.11 311.96 270.89 375.12 603.69 1440.11 1927.83 1311.57 532.09 414.78 1399.85 855.61 979.51 762.92 449.71 182.7 72.54 39.84 53.48 25.49 12.95 23.51 1.36 # 1994 13
15.99 49.66 126.95 206.15 133.16 108.12 373.87 674.11 704.43 654.63 981.78 1275.34 2008.22 587.95 454.61 485.7 341.93 224.88 132.05 76.24 36.08 33.98 14.44 6.04 1.7 # 1995 14
2.48 42.43 141.37 183.55 150.06 63.91 245.7 571.71 744.36 545.39 466.42 612.34 2031.54 1301.49 778.16 404.35 270.01 224.42 131.34 95.87 63.43 26.16 15.12 3.43 2.97 # 1996 15
26.71 356.23 598.23 742.61 639.33 209.02 149.51 376.07 695.21 502.07 430.62 397.95 1219.88 867.06 819.91 578.7 406.02 197.86 87.38 61.51 34.72 26.89 9.04 2.28 1.21 # 1997 16
5.43 155.71 346.89 153.92 26.92 149.85 814.03 1670.39 1615.36 809.78 433.49 326.67 882.79 406.4 359.12 376.02 301.73 218.38 111.87 57.58 28.02 25.94 6.31 8.95 1.44 # 1998 17
14.09 234.77 293.45 133.98 115.18 243.35 577.4 780.54 692.59 561.25 875.8 1410.99 2331.2 611.23 398.36 421.82 279.26 187.86 114.73 67.89 59.09 21.45 21.33 3.63 1.8 # 1999 18
84.92 510.79 1437.69 663.53 123.58 72.42 350.67 647.26 693.38 523.73 649.74 838.31 2314.1 1211.5 815.56 423.79 249.61 158.25 87.33 63.72 51.67 26.28 16.51 2.66 0 # 2000 19
35.81 371.75 1338 2030.22 1368.7 440.9 659.64 1441.64 2431.11 1902.63 874.93 487.22 1505.65 1185.27 966.1 738.73 414.89 193.26 108.02 55.67 33.21 19.42 8.22 6.35 1.66 # 2001 20
8.82 121.05 322.47 368.63 149.49 116.42 481.37 1116.41 1545.03 1038.07 792.26 972.75 2143.93 738.38 569.5 451.25 346.98 165.44 93.35 34.02 13.24 17.07 12.55 2.95 0.58 # 2002 21
9 144.82 521.26 642.53 698.55 518.38 220.96 176.66 521.24 703.06 801.12 990.42 2447.76 1017.87 653.41 399.64 317.62 198.57 111.87 68.05 27.98 9.2 1.89 1.12 0 # 2003 22
5.77 142.17 427.11 579.2 368.13 182.67 363.31 617.56 843.41 906.68 777.35 574.68 1119.15 850.5 778.2 618.17 413.95 258.11 182.16 90.87 80.42 22.77 11.69 6.55 2.39 # 2004 23
0.82 69.48 425.97 836.91 952.92 1125.67 635 391.61 533.7 634.65 744.37 604.58 1252.11 645.47 527.12 515.33 473.65 326.29 283.52 154.83 95.92 44.8 15.58 3.65 0 # 2005 24
153.81 1169.65 1198.48 970.32 495.5 175.53 205.37 472.73 753.85 812.94 795.62 570 1090.27 801.27 603.6 484.85 378.11 305.69 260.17 219.61 127.7 59.14 33.52 9.13 3.13 # 2006 25
144.02 3070.54 3271.05 1553.24 751.73 207.91 275.05 393.79 411.44 299.87 210.22 220.21 537.79 354.17 261.8 253.74 192.49 138 78.8 72.48 52.48 36.38 15.95 14.41 3.49 # 2007 26
63.78 945.41 1106.78 476.29 105.88 566.97 1826.64 2257.66 1432.43 676.32 435.58 408.61 954.72 614.47 559.18 423.82 318.28 166.26 100.55 65.49 64.2 46.6 28.39 13.36 1.34 # 2008 27
590.75 3346.08 2439.92 1356.24 395.43 153.58 558.05 1288.79 1160.97 697.21 891.87 1203.92 1960.06 578.89 427.45 375.29 223.27 111.02 64.23 31.58 25.48 8.43 13.57 5.23 0.74 # 2009 28
10.55 136.78 303.61 178.42 75.93 423.04 1532.36 2409.36 1913.34 881.74 456.22 648.36 2185.78 1309.11 1139.97 635.34 248.35 91.75 46.54 24.36 18.82 7.97 11.07 0.96 1.29 # 2010 29
25.59 449.36 1043.9 2012.42 2149.39 407.01 132.13 236.64 461.96 693.46 1085.41 2206.45 4188.48 1118.34 1199.27 1065.57 715.95 252.86 87.99 38.74 16.4 20.86 4.04 4.78 0 # 2011 30
546.86 2360.35 1371.42 1208.13 247.43 90.26 382.89 1055.43 1217.16 782.84 285.57 200.62 1228.12 2030.36 1267.8 576.52 388.01 188.05 86.59 32.99 15.08 11.87 5.25 1.48 0.97 # 2012 31
58.88 461.95 732.49 333.3 168.25 1298.21 2799.8 2361.84 1361.61 585.47 447.54 663.76 2734.15 1040.22 959.64 1037.8 731.38 348.2 140.53 85.96 26.53 15.58 4.16 0.73 0 # 2013 32
11.14 439.26 1307.83 1739.29 1300.78 425.72 255.34 875.15 1257.46 1141.97 512.65 916.36 3821.16 1077.95 1037.39 768.3 343.43 262.85 130.6 43.29 20.22 7.54 7.31 1.55 0.47 # 2014 33
10.9 169.02 176.74 174.41 228.3 231.15 379.66 1185.89 2682.65 3040.45 1839.83 753.6 3073.59 1674.33 1790.09 902.64 462.73 280.39 146.92 64.01 39.86 6.72 6.05 2.06 0 # 2015 34
5.95 95.75 121.31 213.27 643.86 631.83 198.59 191.51 408.59 632.84 896.59 1407.8 5401.11 1919.73 1278.65 1101.57 914.69 426.91 174.27 105.38 38.51 18.67 7.26 7.33 0 # 2016 35
1.91 47.68 145.3 199.98 333.99 480.78 369.03 277.3 290.45 388.66 440.24 507.95 1625.26 1673.91 1453.71 897.96 586.41 406.83 317.89 109.27 47.63 26.1 5.17 0.59 0 # 2017 36
0 7.58 43.15 124.3 194.62 330.83 164.9 125.1 275.05 497.01 620.75 665.15 1122.01 879.91 873.91 962.12 758.97 404.86 266.64 144.15 73.34 22.76 15.66 2.23 0 # 2018 37
# atf size composition from file: size composition transition matrix in certain years from age based catch comp and Ingrids A2L matrix. 1982-1986? from jim 
9536127 4443111 18220706 30706700 18612529 10214682 13477362 12250229 19119091 16185304 16248986 16340130 14111101 14574012 6583680 7503129 4639951 1395158 511429 413830 49590 96078 0 0 0 # 1982 1 
4212657 25998940 50648760 73602417 64221337 26232167 17009843 28802263 33850876 23388890 24542695 26509015 17345802 15049022 6063158 3672800 2030998 1316455 1587254 397318 173939 0 0 0 0 # 1983 2 
5127950 15883870 12194055 6819157 6196276 15593255 46610768 80378884 97946960 60065665 30617403 21676821 16529788 23715821 24183817 10785239 3619248 2737326 1725986 1725141 1031019 85443 39243 0 0 # 1984 3 
12446784 3026645 10304730 13620301 14114112 17125300 20492130 14526731 20676293 43679704 73363919 61031422 35742372 25606782 14623513 10498958 6632659 4579648 1321999 1691311 780442 419068 129417 0 38886 # 1985 4 
2772399 19340079 41041500 46199515 30937682 12202163 15515646 22977791 31059071 31096059 25771490 35259223 48444073 77222171 38471699 14744776 10819354 8181465 6674014 1543677 691770 343978 0 0 0 # 1986 5 
2158654 4197663 12757625 11349501 8586825 16585791 36666839 39699350 28475747 16988915 19765054 19166422 17653587 25858024 26365984 22410318 12422242 6155177 4794730 3756127 1259223 275884.1 0 102031 0 # 1987 6 
1928907 6189818 20375502 14628481 5661036 3948363 7487721 9884415 12629213 16436921 23821197 22758282 11579077 13448736 11030498 5865149 6615882 4930778 1751295 1262965 581374.8 252134.9 16547.5 22934.59 0.0236515 # 1988 7 
4003180 17994062 35972048 24587441 21523443 33769945 38606029 30740598 20700047 21084893 29420344 36735609 37844382 47235495 24417734 14649810 13239567 12910670 11394799 5870651 1643615 80070.14 227866.6 0 0 # 1989 8 
4639445 13802318 12199593 7336681 5324426 15099069 31620455 46293831 41119776 38016275 38983662 26234320 19780126 37356896 39358646 22512461 10664788 7831338 9442960 8648294 5950912 1637122 290609.9 76078 0 # 1990 9 
519446 3379921 3184406 2765163 3543748 7534652 9090260 9877739 8263310 13261066 20228878 17737481 11794505 13704118 7272713 6743650 7112827 3624618 2837793 2782517 1526644 1723760 826050.7 114690.6 87062.01 # 1991 10 
2948777 7762160 5944179 4805571 6327529 7873442 10402254 13617453 18291727 23150219 25153857 31797687 30561502 43642284 30064830 18938153 12054810 12831476 8791873 4418609 3585428 3039069 1169025 95186 0 # 1992 11 
6800.9 31392.34 132263 439053 1075143 2051504 3258333 4645174 6420436 8702443 11178566 13419674 15198403 24528344 24244047 21637499 17835548 13000447 8657268 5071784 2619243 1142170 446765.2 186942.3 19322.81 # 1993 12 
117932.9 445153.7 1112430 1773198 2289245 3011656 4052842 5182646 6557915 8435493 10698738 12867355 14461638 22687409 21072718 17548452 13745253 9822121 6550858 3888886 2035315 886166 340559.6 136944.2 12472.26 # 1994 13 
620139.1 4836030 9440176 7390275 9335751 15299968 13264312 12733329 15959522 27001856 20990412 21217318 21793099 41708463 39048135 31204035 26898245 23165235 21109578 16060231 12123114 3954423 1173992 540771 0 # 1995 14 
539271.7 730635.1 1606398 2803652 3962813 5235548 6541749 7492095 8006593 8351113 8715314 8992460 9080697 13709392 13947632 14479392 14995226 14515371 12853615 10032080 6792838 3918309 1963916 1064145 175199 # 1996 15 
3079679 9369624 9380757 10105898 10086659 7863773 9209887 7952121 9162182 9407959 13039091 17583726 19342614 29320214 29783320 23600763 21954775 24397486 22357414 14443110 15180389 8449224 5454181 2109539 0 # 1997 16 
816336.7 1244776 2783438 4739570 6442077 8145343 9740814 10497077 10326300 9737631 9098474 8470739 7709090 10411946 9347314 8446554 7673574 6577230 5323271 3945707 2632721 1531183 779067.5 429479.5 72256.45 # 1998 17 
3753836 9283347 7668563 8129960 12427855 14317493 14467948 14803721 14385884 14708730 14063178 14260881 9781253 11690962 9260259 11500177 8511140 10661467 11554508 9016083 6676717 4602861 4310785 1347587 227114 # 1999 18 
7233570 15716835 13634778 9074596 11638860 12952162 13332003 15454860 20494335 20455890 19203222 18422930 20570732 25943737 16579897 15341788 14733241 18826229 12595168 7794197 4548937 3897447 2236955 940988 369863 # 2000 19 
3129066 9793737 18386999 21731901 21078217 15979208 20076025 27139163 27335623 21680832 21091435 21264415 21009749 28419940 27119064 19749448 15108182 13328611 16054630 9876061 6914022 3252779 3212814 1574628 108012 # 2001 20 
1766080 3293870 3154431 3514043 5332797 9735741 13105390 15486859 17200225 14533627 13279098 11878374 10395127 13474813 12769089 10407596 8786349 6694945 6427136 5403884 4367484 2555989 1223102 947552.8 316335.4 # 2002 21 
5522896 14241322 29683868 26338346 23409226 19121761 17561064 23692127 29303168 37402913 38450282 42529419 36032623 40017571 27639651 21113298 17898394 16456219 14644684 11757843 11476900 6595385 3042153 2962193 713573 # 2003 22 
2502814 3226074 7168750 10717561 11652051 11568717 12231641 12764698 12674126 12058914 11688995 11041624 10747134 14869295 12334534 9136086 7154325 6278841 5023239 3417711 2341174 1791794 876812.3 594807.5 261497.7 # 2004 23 
7257652 25805320 54293746 46620583 32188514 44043654 47470032 53077027 51416645 56375334 61076655 51599619 43040846 55002223 43732382 35005613 21191470 17239215 16138535 15594538 13892290 6528280 3938722 2058364 904073 # 2005 24 
4950508 11186344 17126447 21967708 22530538 32991273 53146848 77206960 64951526 47114091 48183373 47564536 50658979 63758743 34964463 26502927 24397139 16070436 11286360 10594085 7719271 6552036 3014652 2496773 846463 # 2006 25 
15043244 38263685 26422808 17201578 15844160 14380517 16590059 26665025 34742885 45467448 52461796 46610332 39166104 45618782 33877118 24783170 16707961 13726589 9255864 7680435 6982957 5951964 3326066 1597065 719404 # 2007 26 
3849434 10539613 13508685 13745290 18211666 17567803 14712830 13783953 20236593 23629727 28387874 32379088 31493259 36523944 25745146 22095877 14155486 9944241 7045134 5460363 4397401 3449984 1423598 1814327 836454.6 # 2008 27 
7602303 18887397 13739378 9243550 17425759 26176284 29614629 30115568 40595199 30994936 27677283 30264456 31957687 50202984 33853032 21913578 15475654 9470195 5363064 5447455 4354691 3305237 3157603 2809032 266908 # 2009 28 
492811.6 1548505 3707388 5610583 6193374 6375484 7321700 8776523 10388018 11543980 12519388 13134226 13452182 20765133 18910531 15287453 12168320 9716972 5890807 4189595 2384437 1355872 934240 802055.8 394446.5 # 2010 29 
6049554 16076836 15048466 10495104 18928452 28325325 22108363 22499296 32106654 28658336 38178971 45988055 40593267 47749708 39506650 34288937 27478798 25507456 17534392 9541857 4219549 1403198 1171104 1562171 619449 # 2011 30 
382653 1305055 3265917 5469680 7284516 9287932 11671811 13620313 14821427 15532029 15971270 16160975 15985184 22988977 20599551 17159826 13695354 10154703 7154811 4647071 2798226 1534528 817966.9 574316.9 190620.3 # 2012 31 
3790865 9326981 4360946 4884969 6401819 7794911 11122735 13276072 17862605 24521578 25711453 28524732 24831622 34705944 30317112 25619439 17213932 19862585 16345869 10365046 4743479 1330267 1097145 582845 748539 # 2013 32 
1076728 2025762 4557284 7006223 7961188 8333170 9271380 10338743 11029426 11436416 11787796 12028867 12003384 17451237 16060776 14114257 12230467 10118375 8102777 6096673 4215147 2605780 1465015 1024648 404027.7 # 2014 33 
264004.6 948607.2 2378596 3953958 5168044 6408581 7857341 9015357 9688616 10123058 10515727 10822026 10921189 16206737 15324992 13708813 11960514 9981710 8189668 6482655 4851277 3354814 2134129 1684260 633230.4 # 2015 34 
179008.3 533958.9 1408870 2625133 4062244 5884695 7865103 9329794 10136711 10177265 9815368 9205556 8187035 10634170 8642868 7883436 7400062 6504533 6203948 5162835 3847742 2398522 1611786 949219.3 290379.6 # 2016 35 
468439.3 1653251 4039656 6366274 7544731 8493397 10385112 12853226 14988624 16121498 16095749 14976975 12947058 15499934 11499684 8811061 7411958 6468115 5678190 4733081 3591027 2436211 1478710 1077871 312234.7 # 2017 36 
17102607 54641145 45449065 21893955 22931921 28864850 29491360 21700695 20440302 24247693 28282105 33930357 35925590 52438851 39261957 26927763 14902076 15840330 19076545 21268275 14740147 6682863 3310247 368852 16548 # 2018 37 
##__________________________________________________________ 
#srv_age_sizes : lengths for each age of the conversion matrix  
##__________________________________________________________ 
# Pollock 
14 24 32 39 43 48 51 54 57 59 60 61    # from Kir    
9 12 15 18 21 24 27 30 33 36 39 42 45 50 55 60 65 70 75 80 85 90 95 100 105   # collated from assessment bins 
10 16 18 20 22 24 26 28 30 32 34 36 38 40 43 46 49 52 55 58 61 64 67 70 75 # 95 # same as ATF assessment length bins  
##__________________________________________________________ 
#age_trans_matrix : this is the conversion matrix
##__________________________________________________________ 
# values from vonB fit to data  
0.9994 6.00E-04 0 0 0 0 0 0 0 0 0 0 
0.0224 0.8675 0.1096 5.00E-04 0 0 0 0 0 0 0 0 
3.00E-04 0.1435 0.6321 0.1893 0.0333 0.0013 1.00E-04 0 0 0 0 0 
0 7.00E-04 0.1306 0.5199 0.303 0.0396 0.0057 5.00E-04 0 0 0 0 
0 0 0.0135 0.2425 0.3999 0.2304 0.0883 0.0212 0.0032 7.00E-04 3.00E-04 1.00E-04 
0 0 0.0024 0.0692 0.1946 0.2897 0.2282 0.1257 0.0484 0.021 0.013 0.0078 
0 0 6.00E-04 0.0195 0.0699 0.1734 0.2077 0.189 0.1308 0.0879 0.0688 0.0523 
0 0 2.00E-04 0.0077 0.0321 0.1052 0.1555 0.1806 0.1648 0.1356 0.1181 0.1002 
0 0 1.00E-04 0.003 0.0147 0.0621 0.1098 0.1555 0.1764 0.1698 0.1605 0.1481 
0 0 0 0.0012 0.0075 0.0423 0.0871 0.1413 0.1805 0.1861 0.1816 0.1725 
0 0 0 6.00E-04 0.0042 0.0283 0.0655 0.1205 0.1758 0.1988 0.2035 0.203 
0 0 0 9.00E-04 0.0054 0.0307 0.0668 0.1185 0.1718 0.1967 0.2034 0.2057 
# Pcod 
0.321 0.337 0.241 0.085 0.014 0.001 0 0 0 0 0 0 0 0 0 0 0 0 0 0 0 0 0 0 0    
0 0.002 0.011 0.048 0.135 0.24 0.267 0.187 0.082 0.023 0.004 0 0 0 0 0 0 0 0 0 0 0 0 0 0    
0 0 0 0 0.001 0.005 0.021 0.064 0.138 0.212 0.231 0.179 0.128 0.02 0.001 0 0 0 0 0 0 0 0 0 0    
0 0 0 0 0 0 0 0.001 0.006 0.02 0.053 0.109 0.308 0.31 0.152 0.036 0.004 0 0 0 0 0 0 0 0    
0 0 0 0 0 0 0 0 0 0.001 0.003 0.01 0.065 0.191 0.304 0.264 0.125 0.033 0.005 0 0 0 0 0 0    
0 0 0 0 0 0 0 0 0 0 0 0.001 0.007 0.038 0.126 0.247 0.286 0.195 0.079 0.019 0.003 0 0 0 0    
0 0 0 0 0 0 0 0 0 0 0 0 0.001 0.006 0.03 0.101 0.21 0.274 0.222 0.113 0.036 0.007 0.001 0 0    
0 0 0 0 0 0 0 0 0 0 0 0 0 0.001 0.006 0.03 0.096 0.196 0.261 0.225 0.126 0.046 0.011 0.002 0    
0 0 0 0 0 0 0 0 0 0 0 0 0 0 0.001 0.009 0.037 0.104 0.198 0.252 0.215 0.123 0.047 0.012 0.002    
0 0 0 0 0 0 0 0 0 0 0 0 0 0 0 0.003 0.014 0.05 0.124 0.21 0.245 0.195 0.107 0.04 0.013    
0 0 0 0 0 0 0 0 0 0 0 0 0 0 0 0.001 0.006 0.024 0.072 0.152 0.224 0.232 0.167 0.085 0.039    
0 0 0 0 0 0 0 0 0 0 0 0 0 0 0 0.001 0.003 0.011 0.031 0.067 0.119 0.168 0.189 0.17 0.241    
# atf updated
0.9999116 8.84E-05 0 0 0 0 0 0 0 0 0 0 0 0 0 0 0 0 0 0 0 0 0 0 0    
0.002505225 0.534287239 0.399923215 0.061739832 0.001538802 5.68E-06 2.91E-09 1.97E-13 0 0 0 0 0 0 0 0 0 0 0 0 0 0 0 0 0    
7.36E-08 0.000825826 0.016545727 0.120766263 0.331134894 0.354220093 0.150041877 0.024863824 0.001564913 3.62E-05 3.01E-07 8.77E-10 8.96E-13 0 0 0 0 0 0 0 0 0 0 0 0    
4.36E-11 8.27E-07 3.67E-05 0.000812507 0.009056417 0.052400189 0.163307487 0.283683539 0.279435081 0.155133163 0.047544266 0.007866403 0.000690862 3.23E-05 2.74E-07 2.30E-10 4.39E-14 0 0 0 0 0 0 0 0    
3.07E-13 4.26E-09 2.16E-07 6.55E-06 0.000118811 0.001296239 0.008695438 0.036896697 0.102568596 0.192886707 0.248909902 0.218476057 0.127656989 0.053535571 0.00858831 0.00035841 5.47E-06 3.01E-08 5.92E-11 4.14E-14 0 0 0 0 0    
1.12E-14 9.42E-11 4.42E-09 1.40E-07 2.91E-06 4.07E-05 0.000381616 0.002440409 0.010850744 0.03454733 0.081562906 0.146875019 0.20323132 0.260234558 0.192724341 0.058124311 0.008393196 0.00057203 1.82E-05 2.70E-07 1.90E-09 0 0 0 0    
1.19E-15 6.13E-12 2.49E-10 7.33E-09 1.54E-07 2.31E-06 2.49E-05 0.000194666 0.001107713 0.004667623 0.014910713 0.037291511 0.075513137 0.166204335 0.279279279 0.249389041 0.128161274 0.03685801 0.005858588 0.00051173 2.50E-05 1.87E-11 3.50E-14 0 0    
2.71E-16 8.74E-13 3.00E-11 7.92E-10 1.57E-08 2.35E-07 2.64E-06 2.25E-05 0.00014589 0.000722513 0.002770738 0.008390322 0.020644402 0.058544251 0.146928956 0.23516876 0.25362598 0.174960068 0.075041929 0.019781022 0.003249649 8.52E-08 8.21E-10 4.23E-12 0    
1.09E-16 2.21E-13 6.48E-12 1.52E-10 2.77E-09 3.97E-08 4.42E-07 3.87E-06 2.66E-05 0.00014379 0.000616765 0.002119279 0.005932753 0.019500586 0.059394347 0.125971312 0.204754511 0.241186369 0.19543744 0.106051772 0.038845033 1.47E-05 4.34E-07 7.50E-09 1.42E-11    
5.82E-17 9.02E-14 2.27E-12 4.71E-11 7.89E-10 1.06E-08 1.14E-07 9.86E-07 6.91E-06 3.90E-05 0.000178483 0.000665363 0.002040134 0.007471086 0.025668481 0.062054837 0.122843401 0.196508893 0.238902166 0.210158663 0.133032704 0.000401548 2.61E-05 1.08E-06 7.07E-09    
6.86E-17 5.58E-14 1.22E-12 2.26E-11 3.45E-10 4.32E-09 4.44E-08 3.73E-07 2.60E-06 1.49E-05 7.02E-05 0.000274962 0.000896336 0.003558746 0.013436721 0.035171443 0.075684302 0.140531213 0.217737939 0.264062263 0.24422033 0.003853704 0.000448222 3.51E-05 5.77E-07    
8.84E-17 4.80E-14 9.21E-13 1.54E-11 2.14E-10 2.49E-09 2.42E-08 1.97E-07 1.34E-06 7.63E-06 3.65E-05 0.000146448 0.000495971 0.002084499 0.008485198 0.023715826 0.053255123 0.104629979 0.183557087 0.272643004 0.327222826 0.019707504 0.003541419 0.000454477 1.50E-05    
1.16E-16 5.07E-14 8.66E-13 1.31E-11 1.67E-10 1.81E-09 1.66E-08 1.30E-07 8.53E-07 4.80E-06 2.29E-05 9.26E-05 0.000320283 0.001397353 0.006018542 0.017806674 0.041414035 0.082790939 0.152128196 0.253080221 0.360409176 0.064976314 0.016294321 0.003068618 0.000174036    
1.45E-16 5.82E-14 8.93E-13 1.23E-11 1.45E-10 1.47E-09 1.27E-08 9.49E-08 6.03E-07 3.31E-06 1.56E-05 6.30E-05 0.000219607 0.000979211 0.004388063 0.013600209 0.032737972 0.066053133 0.122041826 0.213152981 0.335523826 0.149232996 0.048517342 0.012385901 0.001084382    
1.61E-16 6.71E-14 9.30E-13 1.17E-11 1.29E-10 1.22E-09 9.98E-09 7.08E-08 4.35E-07 2.32E-06 1.07E-05 4.30E-05 0.000149742 0.000674638 0.003100028 0.009952984 0.024732098 0.050485442 0.092503064 0.162799267 0.2677573 0.250924142 0.100146381 0.032648451 0.004069961    
3.23E-16 7.59E-14 9.59E-13 1.12E-11 1.14E-10 1.02E-09 7.87E-09 5.33E-08 3.15E-07 1.63E-06 7.37E-06 2.91E-05 0.000100803 0.00045477 0.002119404 0.006974726 0.017801753 0.036867265 0.066992301 0.116373231 0.191698127 0.332021103 0.156109608 0.062078414 0.010370016    
3.04E-16 8.65E-14 1.00E-12 1.09E-11 1.04E-10 8.67E-10 6.38E-09 4.13E-08 2.35E-07 1.17E-06 5.21E-06 2.01E-05 6.89E-05 0.000309476 0.001449757 0.00484643 0.012628723 0.026546414 0.048046041 0.081842153 0.131223121 0.376335348 0.2019657 0.0945217 0.020189401    
4.20E-16 1.01E-13 1.08E-12 1.09E-11 9.83E-11 7.76E-10 5.43E-09 3.36E-08 1.84E-07 8.92E-07 3.84E-06 1.46E-05 4.92E-05 0.000218751 0.00102309 0.003448521 0.009118828 0.019425618 0.035157333 0.05878545 0.090268917 0.390873316 0.23360726 0.125082182 0.032921988    
6.44E-16 1.23E-13 1.22E-12 1.16E-11 9.78E-11 7.34E-10 4.90E-09 2.90E-08 1.53E-07 7.18E-07 3.01E-06 1.12E-05 3.71E-05 0.00016277 0.000756072 0.002553929 0.006815917 0.014675336 0.026620559 0.043858689 0.064081199 0.3878605 0.253190793 0.151631719 0.047740349    
9.55E-16 1.56E-13 1.44E-12 1.29E-11 1.03E-10 7.37E-10 4.67E-09 2.66E-08 1.35E-07 6.16E-07 2.49E-06 9.07E-06 2.96E-05 0.000127693 0.00058676 0.001976911 0.005300077 0.011498489 0.020920993 0.034098762 0.047404616 0.37626103 0.264162793 0.173748791 0.063871179    
1.45E-15 2.05E-13 1.76E-12 1.49E-11 1.13E-10 7.67E-10 4.67E-09 2.56E-08 1.25E-07 5.51E-07 2.18E-06 7.77E-06 2.48E-05 0.000105218 0.000476929 0.00159667 0.004282818 0.009333919 0.017028656 0.027544158 0.036570206 0.3612362 0.269392913 0.191733386 0.080663495    
# 
# 
#============================================================================== 
#============================================================================== 
##<<<<<<<<------------ ACOUSTIC TRAWL DATA ----------------->>>>>>>> 
#============================================================================== 
#============================================================================== 
# 
# 
##__________________________________________________________ 
#n_eit : EIT n
##__________________________________________________________ 
20 
##__________________________________________________________ 
#yrs_eit : EIT Years
##__________________________________________________________ 
1979 1982 1985 1988 1991 1994 1996 1997 1999 2000 2002 2004 2006 2007 2008 2009 2010 2012 2014 2016     
##__________________________________________________________ 
#obs_eit :observed eit
##__________________________________________________________ 
7460 4900 4800 4680 1450 2886.228 2310.729 2592.182 3285.079 3048.697 3621.817 3306.936964 1560.134118 1769.018516 996.9392679 923.843366 2322.642938 1842.79206 3501.938121 4828.889687     
#eit_age_n : number of EIT Hauls 2  
3 14 22 7 19 23 17 26 36 38 38 42 31 31 30 25 25 25 25 25     
##__________________________________________________________ 
#obs_eit_age :EIT Age data
##__________________________________________________________ 
69110 41132 3884 413 534 128 30 4 28 59 69 29 # 1979 1
108 3401 4108 7637 1790 283 141 178 90 55 122 0 # 1982 2
2076 929 8149 898 2186 1510 1127 130 21 7 8 0 # 1985 3
10.85474 1112 3586 3864 739 1882 403 151 129.52866 254.51903 159 0 # 1988 4
639.267538 5942.329255 967.026421 214.547946 224.129227 133.045368 119.732088 38.685293 37.037006 14.667193 16.038739 5.275012 # 1991 5
452.855235 3905.610605 1127.234019 1670.302826 1908.487018 293.253466 69.328887 66.771672 30.09459 21.061382 6.390414 13.009868 # 1994 6
972.336344 446.396599 520.371331 2686.4816 820.736359 509.295056 434.354034 84.86886 16.722781 6.274944 5.698888 12.14511 # 1996 7
12383.79911 2742.751722 385.328882 490.909811 1918.113717 384.006258 205.285501 142.672406 32.735836 3.888478 4.945534 2.010226 # 1997 8
111.865503 1587.614967 3596.956974 1683.593411 582.565536 273.94561 1169.058192 400.235038 104.643576 66.873683 14.464537 6.471546 # 1999 9
257.922016 1272.329433 1184.944489 2480.024776 899.713749 243.88862 233.993126 725.124366 190.427626 84.693969 35.625884 18.077578 # 2000 10
561.3136619 4187.551774 3841.040459 1295.262536 685.3461837 593.3351789 287.5727544 99.9914763 131.7143046 237.8775143 117.87598 48.1013079 # 2002 11
15.75365101 275.0665226 1188.798451 2928.940761 1444.343027 417.0268039 202.4937822 192.769334 67.99797613 34.69928915 24.59987663 19.81017834 # 2004 12
455.5651304 208.6129204 281.9730476 610.0740379 695.2963532 551.7797146 319.70128 110.0721931 52.989149 40.3261406 23.3214216 16.2302369 # 2006 13
5588.540574 1026.211437 319.7063395 430.0713328 669.189032 588.8287128 305.6689523 166.2107097 60.1981392 18.77736345 20.17779365 5.733617103 # 2007 14
36.48153635 2905.293594 1031.607377 144.3884643 106.8671192 170.1761667 132.3775184 70.69072706 58.21768156 14.96783807 15.14849921 6.928638088 # 2008 15
5127.665982 797.3980385 1674.345701 198.9323923 31.05669911 33.90882416 50.51326614 37.51627673 20.79389747 15.82204417 5.545746628 2.159494978 # 2009 16
2525.540953 6395.199916 973.4755037 2183.452529 383.6457724 46.29690524 6.22028568 7.400184611 6.789163034 6.479340548 5.99031765 2.608662115 # 2010 17
66.87435516 1963.087816 1640.61799 2444.132675 202.6385066 246.0716328 63.62925628 13.08068839 8.33131731 6.460246421 6.567318238 1.965435172 # 2012 18
4438.331215 8614.89223 941.2751066 1100.650198 892.3372025 974.6329164 316.9225225 66.89265565 21.47372183 5.827631123 2.747140094 1.806650337 # 2014 19
218.2029476 1100.990627 4419.474593 4091.890347 1038.900646 370.1841394 395.3764356 429.9864538 83.0904586 37.71125479 16.28241147 15.81649869 # 2016 20
##__________________________________________________________ 
#nyrs_eit_sel : 
##__________________________________________________________ 
40 
##__________________________________________________________ 
#yrs_eit_sel : 
##__________________________________________________________ 
1979 1980 1981 1982 1983 1984 1985 1986 1987 1988 1989 1990 1991 1992 1993 1994 1995 1996 1997 1998 1999 2000 2001 2002 2003 2004 2005 2006 2007 2008 2009 2010 2011 2012 2013 2014 2015 2016 2017 2018
##__________________________________________________________ 
#eit_sel : EIT selectivity
##__________________________________________________________ 
2.5 8.69775 1.55487 0.419083 0.420207 0.273247 0.244296 0.210363 0.210363 0.210363 0.210363 0.210363 # 1979 1
2 0.959069 1.15234 1.23029 1.25756 1.06752 1.07465 0.998395 0.998395 0.998395 0.998395 0.998395 # 1980 2
1.5 0.959069 1.15234 1.23029 1.25756 1.06752 1.07465 0.998395 0.998395 0.998395 0.998395 0.998395 # 1981 3
1 0.959069 1.15234 1.23029 1.25756 1.06752 1.07465 0.998395 0.998395 0.998395 0.998395 0.998395 # 1982 4
0.7 0.959069 1.15234 1.23029 1.25756 1.06752 1.07465 0.998395 0.998395 0.998395 0.998395 0.998395 # 1983 5
0.5 0.959069 1.15234 1.23029 1.25756 1.06752 1.07465 0.998395 0.998395 0.998395 0.998395 0.998395 # 1984 6
0.5 0.959069 1.15234 1.23029 1.25756 1.06752 1.07465 0.998395 0.998395 0.998395 0.998395 0.998395 # 1985 7
0.5 0.959069 1.15234 1.23029 1.25756 1.06752 1.07465 0.998395 0.998395 0.998395 0.998395 0.998395 # 1986 8
0.5 0.959069 1.15234 1.23029 1.25756 1.06752 1.07465 0.998395 0.998395 0.998395 0.998395 0.998395 # 1987 9
0.5 0.959069 1.15234 1.23029 1.25756 1.06752 1.07465 0.998395 0.998395 0.998395 0.998395 0.998395 # 1988 10
0.5 0.959069 1.15234 1.23029 1.25756 1.06752 1.07465 0.998395 0.998395 0.998395 0.998395 0.998395 # 1989 11
0.5 0.959069 1.15234 1.23029 1.25756 1.06752 1.07465 0.998395 0.998395 0.998395 0.998395 0.998395 # 1990 12
0.5 0.959069 1.15234 1.23029 1.25756 1.06752 1.07465 0.998395 0.998395 0.998395 0.998395 0.998395 # 1991 13
0.5 0.959069 1.15234 1.23029 1.25756 1.06752 1.07465 0.998395 0.998395 0.998395 0.998395 0.998395 # 1992 14
0.5 0.959069 1.15234 1.23029 1.25756 1.06752 1.07465 0.998395 0.998395 0.998395 0.998395 0.998395 # 1993 15
0.5 0.959069 1.15234 1.23029 1.25756 1.06752 1.07465 0.998395 0.998395 0.998395 0.998395 0.998395 # 1994 16
0.5 0.959069 1.15234 1.23029 1.25756 1.06752 1.07465 0.998395 0.998395 0.998395 0.998395 0.998395 # 1995 17
0.5 0.959069 1.15234 1.23029 1.25756 1.06752 1.07465 0.998395 0.998395 0.998395 0.998395 0.998395 # 1996 18
0.5 0.959069 1.15234 1.23029 1.25756 1.06752 1.07465 0.998395 0.998395 0.998395 0.998395 0.998395 # 1997 19
0.5 0.959069 1.15234 1.23029 1.25756 1.06752 1.07465 0.998395 0.998395 0.998395 0.998395 0.998395 # 1998 20
0.5 0.959069 1.15234 1.23029 1.25756 1.06752 1.07465 0.998395 0.998395 0.998395 0.998395 0.998395 # 1999 21
0.5 0.959069 1.15234 1.23029 1.25756 1.06752 1.07465 0.998395 0.998395 0.998395 0.998395 0.998395 # 2000 22
0.5 0.959069 1.15234 1.23029 1.25756 1.06752 1.07465 0.998395 0.998395 0.998395 0.998395 0.998395 # 2001 23
0.5 0.959069 1.15234 1.23029 1.25756 1.06752 1.07465 0.998395 0.998395 0.998395 0.998395 0.998395 # 2002 24
0.5 0.959069 1.15234 1.23029 1.25756 1.06752 1.07465 0.998395 0.998395 0.998395 0.998395 0.998395 # 2003 25
0.5 0.959069 1.15234 1.23029 1.25756 1.06752 1.07465 0.998395 0.998395 0.998395 0.998395 0.998395 # 2004 26
0.5 0.959069 1.15234 1.23029 1.25756 1.06752 1.07465 0.998395 0.998395 0.998395 0.998395 0.998395 # 2005 27
0.5 0.959069 1.15234 1.23029 1.25756 1.06752 1.07465 0.998395 0.998395 0.998395 0.998395 0.998395 # 2006 28
0.5 0.959069 1.15234 1.23029 1.25756 1.06752 1.07465 0.998395 0.998395 0.998395 0.998395 0.998395 # 2007 29
0.5 0.959069 1.15234 1.23029 1.25756 1.06752 1.07465 0.998395 0.998395 0.998395 0.998395 0.998395 # 2008 30
0.5 0.959069 1.15234 1.23029 1.25756 1.06752 1.07465 0.998395 0.998395 0.998395 0.998395 0.998395 # 2009 31
0.5 0.959069 1.15234 1.23029 1.25756 1.06752 1.07465 0.998395 0.998395 0.998395 0.998395 0.998395 # 2010 32
0.5 0.959069 1.15234 1.23029 1.25756 1.06752 1.07465 0.998395 0.998395 0.998395 0.998395 0.998395 # 2011 33
0.5 0.959069 1.15234 1.23029 1.25756 1.06752 1.07465 0.998395 0.998395 0.998395 0.998395 0.998395 # 2012 34
0.5 0.959069 1.15234 1.23029 1.25756 1.06752 1.07465 0.998395 0.998395 0.998395 0.998395 0.998395 # 2013 35
0.5 0.959069 1.15234 1.23029 1.25756 1.06752 1.07465 0.998395 0.998395 0.998395 0.998395 0.998395 # 2014 36
0.5 0.959069 1.15234 1.23029 1.25756 1.06752 1.07465 0.998395 0.998395 0.998395 0.998395 0.998395 # 2015 37
0.5 0.959069 1.15234 1.23029 1.25756 1.06752 1.07465 0.998395 0.998395 0.998395 0.998395 0.998395 # 2016 38
0.5 0.959069 1.15234 1.23029 1.25756 1.06752 1.07465 0.998395 0.998395 0.998395 0.998395 0.998395 # 2017 39
0.5 0.959069 1.15234 1.23029 1.25756 1.06752 1.07465 0.998395 0.998395 0.998395 0.998395 0.998395 # 2018 40  
# 
#============================================================================== 
#============================================================================== 
##<<<<<<<<------------ VON BERT and other DATA ----------------->>>>>>>> 
#============================================================================== 
#============================================================================== 
# 
# 
##_________________________________________________________ 
#Results of Weight at Age models for each spp. May 2013 : 
# mf_type : 1 = same for both, 2 = seperate wt at age for each sex
1 1 2
# propMorF : 3darray (1,nspp,1,mf_type,1,nages) proportion that is male or female 
#0.7046881 0.4965853 0.3499377 0.246597 0.1737739 0.1224564 0.08629359 0.06081006 0.04285213 0.03019738 0.02127974 0.01499558 
#0.7046881 0.4965853 0.3499377 0.246597 0.1737739 0.1224564 0.08629359 0.06081006 0.04285213 0.03019738 0.02127974 0.01499558 
#0.7046881 0.4965853 0.3499377 0.246597 0.1737739 0.1224564 0.08629359 0.06081006 0.04285213 0.03019738 0.02127974 0.01499558 0.0105672 0.007446583 0.005247518 0.003697864 0.002605841 0.001836305 0.001294022 0.000911882 0.000642592     
#0.8187308 0.67032 0.5488116 0.449329 0.3678794 0.3011942 0.246597 0.2018965 0.1652989 0.1353353 0.1108032 0.09071795 0.07427358 0.06081006 0.04978707 0.0407622 0.03337327 0.02732372 0.02237077 0.01831564 0.01499558     
0.5 0.5 0.5 0.5 0.5 0.5 0.5 0.5 0.5 0.5 0.5 0.5 
0.5 0.5 0.5 0.5 0.5 0.5 0.5 0.5 0.5 0.5 0.5 0.5 
0.5 0.46257 0.42556 0.38936 0.35434 0.32082 0.28905 0.25923 0.23148 0.20587 0.18243 0.16111 0.14185 0.12455 0.1091 0.09535 0.08317 0.07243 0.06297 0.05468 0.04743     
0.5 0.53743 0.57444 0.61064 0.64566 0.67918 0.71095 0.74077 0.76852 0.79413 0.81757 0.83889 0.85815 0.87545 0.8909 0.90465 0.91683 0.92757 0.93703 0.94532 0.95257     
# t0 
0.52663 
-0.15671 
-0.9999 
-0.2749 
# log_mean_d 
-0.81658 
-0.37477 
-0.21296 
-0.34043 
# logK 
-1.4982 
-0.79597 
0.080854 
-0.97405 
# logH 
2.7935 
2.2302 
1.6461 
1.7837 
# Tcoef 
0.0096583 0.0045244 -0.0057238 -0.011493
# Pcoef 
0 0 0 0
##__________________________________________________________ 
#test_read : Successul read number
##__________________________________________________________ 
12345 
