# styr
1964
# styr_bts
1982
# styr_eit
1979
# endyr+1
2014
# recage
1
# nages
15
# p_mature
 0 0.002 0.07225 0.16025 0.2105 0.22525 0.23675 0.24075 0.2425 0.25 0.25 0.25 0.25 0.25 0.25
# ewindex
 8 7 2 9 7 7 7 7 8 6 5 7 8 8 7 5 4 6 7 8 3 7 7 7 7 8 4 6 2 1 6 6 4 4 10 4 4 4 4 4 4 4 4 4 4 4 4 4 4 4
# ewindex(endyr)
4
# nsindex
 5 6 6 8 5 8 5 4 8 4 5 5 6 5 8 11 6 7 9 10 4 4 6 5 7 9 5 7 3 5 3 5 4 6 11 4 4 4 4 4 4 4 4 4 4 4 4 4 4 4
# nsindex(endyr)
4
# wt_fsh
 0.0066 0.17 0.303 0.447 0.589 0.722 0.84 0.942 1.029 1.102 1.163 1.212 1.253 1.286 1.312
 0.0066 0.17 0.303 0.447 0.589 0.722 0.84 0.942 1.029 1.102 1.163 1.212 1.253 1.286 1.312
 0.0066 0.17 0.303 0.447 0.589 0.722 0.84 0.942 1.029 1.102 1.163 1.212 1.253 1.286 1.312
 0.0066 0.17 0.303 0.447 0.589 0.722 0.84 0.942 1.029 1.102 1.163 1.212 1.253 1.286 1.312
 0.0066 0.17 0.303 0.447 0.589 0.722 0.84 0.942 1.029 1.102 1.163 1.212 1.253 1.286 1.312
 0.0066 0.17 0.303 0.447 0.589 0.722 0.84 0.942 1.029 1.102 1.163 1.212 1.253 1.286 1.312
 0.0066 0.17 0.303 0.447 0.589 0.722 0.84 0.942 1.029 1.102 1.163 1.212 1.253 1.286 1.312
 0.0066 0.17 0.303 0.447 0.589 0.722 0.84 0.942 1.029 1.102 1.163 1.212 1.253 1.286 1.312
 0.0066 0.17 0.303 0.447 0.589 0.722 0.84 0.942 1.029 1.102 1.163 1.212 1.253 1.286 1.312
 0.0066 0.17 0.303 0.447 0.589 0.722 0.84 0.942 1.029 1.102 1.163 1.212 1.253 1.286 1.312
 0.0066 0.17 0.303 0.447 0.589 0.722 0.84 0.942 1.029 1.102 1.163 1.212 1.253 1.286 1.312
 0.0066 0.17 0.303 0.447 0.589 0.722 0.84 0.942 1.029 1.102 1.163 1.212 1.253 1.286 1.312
 0.0066 0.17 0.303 0.447 0.589 0.722 0.84 0.942 1.029 1.102 1.163 1.212 1.253 1.286 1.312
 0.0066 0.17 0.303 0.447 0.589 0.722 0.84 0.942 1.029 1.102 1.163 1.212 1.253 1.286 1.312
 0.0066 0.17 0.303 0.447 0.589 0.722 0.84 0.942 1.029 1.102 1.163 1.212 1.253 1.286 1.312
 0.0066 0.17 0.303 0.447 0.589 0.722 0.84 0.942 1.029 1.102 1.163 1.212 1.253 1.286 1.312
 0.0066 0.17 0.303 0.447 0.589 0.722 0.84 0.942 1.029 1.102 1.163 1.212 1.253 1.286 1.312
 0.0066 0.17 0.303 0.447 0.589 0.722 0.84 0.942 1.029 1.102 1.163 1.212 1.253 1.286 1.312
 0.0066 0.17 0.303 0.447 0.589 0.722 0.84 0.942 1.029 1.102 1.163 1.212 1.253 1.286 1.312
 0.0066 0.17 0.303 0.447 0.589 0.722 0.84 0.942 1.029 1.102 1.163 1.212 1.253 1.286 1.312
 0.0066 0.17 0.303 0.447 0.589 0.722 0.84 0.942 1.029 1.102 1.163 1.212 1.253 1.286 1.312
 0.0066 0.17 0.303 0.447 0.589 0.722 0.84 0.942 1.029 1.102 1.163 1.212 1.253 1.286 1.312
 0.0066 0.17 0.303 0.447 0.589 0.722 0.84 0.942 1.029 1.102 1.163 1.212 1.253 1.286 1.312
 0.0066 0.17 0.303 0.447 0.589 0.722 0.84 0.942 1.029 1.102 1.163 1.212 1.253 1.286 1.312
 0.0066 0.17 0.303 0.447 0.589 0.722 0.84 0.942 1.029 1.102 1.163 1.212 1.253 1.286 1.312
 0.0066 0.17 0.303 0.447 0.589 0.722 0.84 0.942 1.029 1.102 1.163 1.212 1.253 1.286 1.312
 0.0066 0.17 0.303 0.447 0.589 0.722 0.84 0.942 1.029 1.102 1.163 1.212 1.253 1.286 1.312
 0.0066 0.149613 0.287074 0.478518 0.607784 0.726999 0.848165 0.886708 1.00604 1.12651 1.12472 1.23728 1.24166 1.27866 1.24356
 0.0066 0.179094 0.397925 0.468366 0.645403 0.712344 0.814453 0.983014 1.02772 1.22445 1.23385 1.26981 1.17518 1.35258 1.44129
 0.0066 0.33131 0.494586 0.612874 0.656368 0.772306 0.929931 1.04311 1.19617 1.22962 1.40652 1.54794 1.64962 1.68839 1.63529
 0.0066 0.233091 0.394467 0.648722 0.729957 0.746092 0.705642 1.00956 1.39214 1.31978 1.33861 1.41708 1.37351 1.30966 1.38611
 0.0066 0.15348 0.375412 0.501508 0.729554 0.843459 0.855931 0.972505 1.22439 1.33773 1.41273 1.49661 1.39474 1.21192 1.36327
 0.0066 0.292889 0.322192 0.428131 0.679651 0.789922 0.946082 0.948793 1.02125 1.08996 1.40326 1.49709 1.53918 1.75043 1.53592
 0.0066 0.187184 0.323496 0.466411 0.553658 0.741886 0.888367 1.07108 1.08808 1.2395 1.41048 1.47338 1.72369 1.45773 1.42339
 0.0066 0.190536 0.371511 0.58763 0.626816 0.623144 0.778748 1.03409 1.17723 1.24278 1.2938 1.41663 1.55921 1.55589 1.71989
 0.0066 0.187805 0.400215 0.502208 0.637934 0.701072 0.726668 0.901184 1.03937 1.27231 1.20728 1.41536 1.16415 1.14116 1.31888
 0.0066 0.217708 0.351379 0.523836 0.629775 0.731651 0.78234 0.804874 0.971533 1.01819 1.26801 1.31717 1.31953 1.6654 1.73756
 0.0065 0.226725 0.323524 0.496699 0.669171 0.786974 0.962777 0.995093 1.06183 1.13708 1.32711 1.45139 1.58479 1.46591 1.66494
 0.0067 0.231265 0.380427 0.508198 0.669378 0.795468 0.908252 1.02397 1.11656 1.09582 1.3001 1.43006 1.61124 1.3193 1.63589
 0.0065 0.27607 0.484263 0.550356 0.649823 0.767508 0.861994 0.954343 1.08514 1.22447 1.21338 1.2265 1.44509 1.34027 1.72066
 0.0067 0.134785 0.403671 0.580429 0.639829 0.769854 0.890418 0.928496 1.02585 1.20669 1.15885 1.17852 1.35115 1.29176 1.23231
 0.0066 0.282639 0.352664 0.50691 0.638784 0.738805 0.879752 0.948492 1.06286 1.09407 1.26723 1.31173 1.31338 1.16394 1.41932
 0.0066 0.174065 0.304828 0.448035 0.603781 0.753786 0.854529 0.957879 1.05549 1.12628 1.21862 1.28309 1.30578 1.39888 1.45343
 0.00663333 0.154728 0.338274 0.509446 0.641807 0.781609 0.959751 1.10354 1.19585 1.27629 1.32841 1.51617 1.41552 1.76814 1.53197
 0.00661111 0.207633 0.328895 0.520902 0.651869 0.772201 0.899392 1.04181 1.11391 1.20413 1.30906 1.4044 1.51342 1.59903 1.50567
 0.00660444 0.135797 0.345015 0.548067 0.686653 0.891986 1.01991 1.15277 1.40716 1.48603 1.63552 1.63743 1.81683 2.17644 2.29226
 0.0497677 0.174856 0.37855 0.488982 0.665346 0.915558 1.10699 1.25507 1.34221 1.59498 1.61349 1.84448 1.9446 2.04919 2.19745
 0.0306882 0.204737 0.289788 0.50813 0.66565 0.806938 0.97271 1.22168 1.33739 1.50685 1.57819 1.61416 2.11355 1.73104 2.26011
 0.0065 0.134785 0.289788 0.448035 0.651292 0.799371 0.93537 1.0588 1.17424 1.28156 1.36228 1.44465 1.58306 1.5838 1.72491
 0.0065 0.134785 0.289788 0.448035 0.651292 0.799371 0.93537 1.0588 1.17424 1.28156 1.36228 1.44465 1.58306 1.5838 1.72491
# wt_fsh(endyr)
 0.0065 0.134785 0.289788 0.448035 0.651292 0.799371 0.93537 1.0588 1.17424 1.28156 1.36228 1.44465 1.58306 1.5838 1.72491
# wt_ssb
 0.0066 0.17 0.303 0.447 0.589 0.722 0.84 0.942 1.029 1.102 1.163 1.212 1.253 1.286 1.312
 0.0066 0.17 0.303 0.447 0.589 0.722 0.84 0.942 1.029 1.102 1.163 1.212 1.253 1.286 1.312
 0.0066 0.17 0.303 0.447 0.589 0.722 0.84 0.942 1.029 1.102 1.163 1.212 1.253 1.286 1.312
 0.0066 0.17 0.303 0.447 0.589 0.722 0.84 0.942 1.029 1.102 1.163 1.212 1.253 1.286 1.312
 0.0066 0.17 0.303 0.447 0.589 0.722 0.84 0.942 1.029 1.102 1.163 1.212 1.253 1.286 1.312
 0.0066 0.17 0.303 0.447 0.589 0.722 0.84 0.942 1.029 1.102 1.163 1.212 1.253 1.286 1.312
 0.0066 0.17 0.303 0.447 0.589 0.722 0.84 0.942 1.029 1.102 1.163 1.212 1.253 1.286 1.312
 0.0066 0.17 0.303 0.447 0.589 0.722 0.84 0.942 1.029 1.102 1.163 1.212 1.253 1.286 1.312
 0.0066 0.17 0.303 0.447 0.589 0.722 0.84 0.942 1.029 1.102 1.163 1.212 1.253 1.286 1.312
 0.0066 0.17 0.303 0.447 0.589 0.722 0.84 0.942 1.029 1.102 1.163 1.212 1.253 1.286 1.312
 0.0066 0.17 0.303 0.447 0.589 0.722 0.84 0.942 1.029 1.102 1.163 1.212 1.253 1.286 1.312
 0.0066 0.17 0.303 0.447 0.589 0.722 0.84 0.942 1.029 1.102 1.163 1.212 1.253 1.286 1.312
 0.0066 0.17 0.303 0.447 0.589 0.722 0.84 0.942 1.029 1.102 1.163 1.212 1.253 1.286 1.312
 0.0066 0.17 0.303 0.447 0.589 0.722 0.84 0.942 1.029 1.102 1.163 1.212 1.253 1.286 1.312
 0.0066 0.17 0.303 0.447 0.589 0.722 0.84 0.942 1.029 1.102 1.163 1.212 1.253 1.286 1.312
 0.0066 0.17 0.303 0.447 0.589 0.722 0.84 0.942 1.029 1.102 1.163 1.212 1.253 1.286 1.312
 0.0066 0.17 0.303 0.447 0.589 0.722 0.84 0.942 1.029 1.102 1.163 1.212 1.253 1.286 1.312
 0.0066 0.17 0.303 0.447 0.589 0.722 0.84 0.942 1.029 1.102 1.163 1.212 1.253 1.286 1.312
 0.0066 0.17 0.303 0.447 0.589 0.722 0.84 0.942 1.029 1.102 1.163 1.212 1.253 1.286 1.312
 0.0066 0.17 0.303 0.447 0.589 0.722 0.84 0.942 1.029 1.102 1.163 1.212 1.253 1.286 1.312
 0.0066 0.17 0.303 0.447 0.589 0.722 0.84 0.942 1.029 1.102 1.163 1.212 1.253 1.286 1.312
 0.0066 0.17 0.303 0.447 0.589 0.722 0.84 0.942 1.029 1.102 1.163 1.212 1.253 1.286 1.312
 0.0066 0.17 0.303 0.447 0.589 0.722 0.84 0.942 1.029 1.102 1.163 1.212 1.253 1.286 1.312
 0.0066 0.17 0.303 0.447 0.589 0.722 0.84 0.942 1.029 1.102 1.163 1.212 1.253 1.286 1.312
 0.0066 0.17 0.303 0.447 0.589 0.722 0.84 0.942 1.029 1.102 1.163 1.212 1.253 1.286 1.312
 0.0066 0.17 0.303 0.447 0.589 0.722 0.84 0.942 1.029 1.102 1.163 1.212 1.253 1.286 1.312
 0.0066 0.17 0.303 0.447 0.589 0.722 0.84 0.942 1.029 1.102 1.163 1.212 1.253 1.286 1.312
 0.0066 0.149613 0.287074 0.478518 0.607784 0.726999 0.848165 0.886708 1.00604 1.12651 1.12472 1.23728 1.24166 1.27866 1.24356
 0.0066 0.179094 0.397925 0.468366 0.645403 0.712344 0.814453 0.983014 1.02772 1.22445 1.23385 1.26981 1.17518 1.35258 1.44129
 0.0066 0.33131 0.494586 0.612874 0.656368 0.772306 0.929931 1.04311 1.19617 1.22962 1.40652 1.54794 1.64962 1.68839 1.63529
 0.0066 0.233091 0.394467 0.648722 0.729957 0.746092 0.705642 1.00956 1.39214 1.31978 1.33861 1.41708 1.37351 1.30966 1.38611
 0.0066 0.15348 0.375412 0.501508 0.729554 0.843459 0.855931 0.972505 1.22439 1.33773 1.41273 1.49661 1.39474 1.21192 1.36327
 0.0066 0.292889 0.322192 0.428131 0.679651 0.789922 0.946082 0.948793 1.02125 1.08996 1.40326 1.49709 1.53918 1.75043 1.53592
 0.0066 0.187184 0.323496 0.466411 0.553658 0.741886 0.888367 1.07108 1.08808 1.2395 1.41048 1.47338 1.72369 1.45773 1.42339
 0.0066 0.190536 0.371511 0.58763 0.626816 0.623144 0.778748 1.03409 1.17723 1.24278 1.2938 1.41663 1.55921 1.55589 1.71989
 0.0066 0.187805 0.400215 0.502208 0.637934 0.701072 0.726668 0.901184 1.03937 1.27231 1.20728 1.41536 1.16415 1.14116 1.31888
 0.0066 0.217708 0.351379 0.523836 0.629775 0.731651 0.78234 0.804874 0.971533 1.01819 1.26801 1.31717 1.31953 1.6654 1.73756
 0.0065 0.226725 0.323524 0.496699 0.669171 0.786974 0.962777 0.995093 1.06183 1.13708 1.32711 1.45139 1.58479 1.46591 1.66494
 0.0067 0.231265 0.380427 0.508198 0.669378 0.795468 0.908252 1.02397 1.11656 1.09582 1.3001 1.43006 1.61124 1.3193 1.63589
 0.0065 0.27607 0.484263 0.550356 0.649823 0.767508 0.861994 0.954343 1.08514 1.22447 1.21338 1.2265 1.44509 1.34027 1.72066
 0.0067 0.134785 0.403671 0.580429 0.639829 0.769854 0.890418 0.928496 1.02585 1.20669 1.15885 1.17852 1.35115 1.29176 1.23231
 0.0066 0.282639 0.352664 0.50691 0.638784 0.738805 0.879752 0.948492 1.06286 1.09407 1.26723 1.31173 1.31338 1.16394 1.41932
 0.0066 0.174065 0.304828 0.448035 0.603781 0.753786 0.854529 0.957879 1.05549 1.12628 1.21862 1.28309 1.30578 1.39888 1.45343
 0.00663333 0.154728 0.338274 0.509446 0.641807 0.781609 0.959751 1.10354 1.19585 1.27629 1.32841 1.51617 1.41552 1.76814 1.53197
 0.00661111 0.207633 0.328895 0.520902 0.651869 0.772201 0.899392 1.04181 1.11391 1.20413 1.30906 1.4044 1.51342 1.59903 1.50567
 0.00660444 0.135797 0.345015 0.548067 0.686653 0.891986 1.01991 1.15277 1.40716 1.48603 1.63552 1.63743 1.81683 2.17644 2.29226
 0.0497677 0.174856 0.37855 0.488982 0.665346 0.915558 1.10699 1.25507 1.34221 1.59498 1.61349 1.84448 1.9446 2.04919 2.19745
 0.0306882 0.204737 0.289788 0.50813 0.66565 0.806938 0.97271 1.22168 1.33739 1.50685 1.57819 1.61416 2.11355 1.73104 2.26011
 0.0065 0.134785 0.289788 0.448035 0.651292 0.799371 0.93537 1.0588 1.17424 1.28156 1.36228 1.44465 1.58306 1.5838 1.72491
 0.0065 0.134785 0.289788 0.448035 0.651292 0.799371 0.93537 1.0588 1.17424 1.28156 1.36228 1.44465 1.58306 1.5838 1.72491
# wt_ssb(endyr)
 0.0065 0.134785 0.289788 0.448035 0.651292 0.799371 0.93537 1.0588 1.17424 1.28156 1.36228 1.44465 1.58306 1.5838 1.72491
# obs_catch
 174.792 230.551 261.678 550.362 702.181 862.789 1256.57 1743.76 1874.53 1758.92 1588.39 1356.74 1177.82 978.37 979.431 935.714 958.28 973.502 955.964 981.45 1092.06 1139.68 1141.99 859.416 1228.72 1229.6 1455.19 1195.61 1390.33 1326.6 1329.35 1264.24 1192.78 1124.43 1101.17 989.816 1132.71 1387.19 1480.19 1490.9 1480.54 1483.29 1486.44 1354.1 990.566 807.947 810.215 1199.07 1200 1.2296e+006
# catchtmp
1.2296e+006
# obs_effort
 0.56385 0.38425 0.35362 0.67946 0.62695 0.60335 1.03848 1.55693 1.5365 1.72443 1.57266 1.49092 1.28024 1.52695 1.52195 1.51952 1.48537 1.48537 1.48537 1.48537 1.48537 1.48537 1.48537 1.48537 1.48537 1.48537 1.48537 1.48537 1.48537 1.48537 1.48537 1.48537 1.48537 1.48537 1.48537 1.48537 1.48537 1.48537 1.48537 1.5 1.5 1.5 1.5 1.5 1.5 1.5 1.5 1.5 1.5 1.5
# obs_effort(endyr)
1.5
# n_cpue
12
# yrs_cpue
 1965 1966 1967 1968 1969 1970 1971 1972 1973 1974 1975 1976
# obs_cpue
 2816.44 3473.58 3802.17 5257.3 6712.47 5679.81 5257.33 5726.74 4787.92 4740.99 4271.57 4318.52
# obs_cpue_std
 563.287 694.716 760.434 1051.46 1342.49 1135.96 1051.47 1145.35 957.585 948.199 854.315 863.705
# n_avo
6
# yrs_avo
 2006 2007 2008 2009 2010 2011
# obs_avo
 0.555 0.638 0.316 0.285 0.679 0.543
# obs_avo_std
 0.117352 0.155657 0.130874 0.135976 0.22088 0.126838
# wt_avo
 0.0193808 0.10146 0.244145 0.378146 0.526992 0.652067 0.763604 0.846668 0.93352 0.971437 1.00115 1.14953 1.21169 1.28105 1.17992
 0.0184956 0.0871934 0.279247 0.437188 0.582489 0.686632 0.788236 0.871 0.9701 1.10271 1.10567 1.23695 1.23549 1.74946 1.23063
 0.0225536 0.0835334 0.213971 0.406608 0.575801 0.689063 0.805223 0.981971 0.96832 1.26256 1.24721 1.24665 1.38971 1.63803 1.24697
 0.02032 0.108501 0.241959 0.416451 0.646619 0.785333 0.950143 1.03062 1.06402 1.32836 1.32654 1.54704 1.55659 1.53682 1.74372
 0.0316891 0.117343 0.221258 0.441148 0.565233 0.721913 0.936799 1.33656 1.57448 1.62244 1.69253 1.89536 1.927 1.94145 1.96177
 0.0224878 0.0996062 0.240116 0.415908 0.579427 0.707002 0.848801 1.01337 1.10209 1.2575 1.27462 1.41511 1.46409 1.62936 1.4726
# ngears
3
# minind
 1 1 1
# n_fsh+1
51
# n_bts+1
33
# n_eit
18
# yrs_fsh_data
 1964 1965 1966 1967 1968 1969 1970 1971 1972 1973 1974 1975 1976 1977 1978 1979 1980 1981 1982 1983 1984 1985 1986 1987 1988 1989 1990 1991 1992 1993 1994 1995 1996 1997 1998 1999 2000 2001 2002 2003 2004 2005 2006 2007 2008 2009 2010 2011 2012 2013
# yrs_fsh_data(n_fsh)+1
2014
# yrs_bts_data
 1982 1983 1984 1985 1986 1987 1988 1989 1990 1991 1992 1993 1994 1995 1996 1997 1998 1999 2000 2001 2002 2003 2004 2005 2006 2007 2008 2009 2010 2011 2012 2013
# yrs_bts_data(n_bts)+1
2014
# yrs_eit_data
 1979 1982 1985 1988 1991 1994 1996 1997 1999 2000 2002 2004 2006 2007 2008 2009 2010 2012
# yrs_eit_data(n_eit)+2
2014
# sam_fsh
 10 10 10 10 10 10 10 10 10 10 10 10 10 10 50 50 50 50 50 50 50 50 50 50 50 50 50 173 200 272 107 137 148 256 269 455 452 291 435 389 332 398 328 408 340 350 350 350 350 350
# sam_fsh(n_fsh)
350
# sam_bts
 100 100 100 100 100 100 100 100 100 100 100 100 100 100 100 100 100 100 100 100 100 100 100 100 100 100 100 100 100 100 100 100
# sam_bts(n_bts)
100
# sam_eit
 6 29 44 15 37 46 34 52 74 77 76 84 63 63 60 50 50 50
# sam_eit(n_eit)
50
# oac_fsh_data
 0.025321 0.105571 0.165563 0.193611 0.095442 0.268407 0.120764 0.025321 0 0 0 0 0 0 0
 0.01417 0.015327 0.204164 0.550318 0.13476 0.033545 0.032389 0.015327 0 0 0 0 0 0 0
 0.028428 0.168302 0.057358 0.420126 0.264906 0.024151 0.026415 0.010314 0 0 0 0 0 0 0
 0.009467 0.110178 0.577515 0.087692 0.16 0.037988 0.011479 0.00568 0 0 0 0 0 0 0
 0.032939 0.178617 0.140218 0.468517 0.10737 0.030573 0.036579 0.005187 0 0 0 0 0 0 0
 0.014678 0.079766 0.459233 0.315684 0.10843 0.002305 0.012142 0.007761 0 0 0 0 0 0 0
 0.156762 0.238147 0.374263 0.176699 0.034247 0.011143 0.005571 0.003168 0 0 0 0 0 0 0
 0.165462 0.049415 0.27603 0.185287 0.274689 0.026683 0.017515 0.004919 0 0 0 0 0 0 0
 0.031428 0.151596 0.349715 0.280079 0.117347 0.046028 0.017471 0.006335 0 0 0 0 0 0 0
 0.011129 0.100338 0.121466 0.264054 0.202123 0.13807 0.076822 0.055643 0.024972 0.004498 0.000566 0.00015 3.25e-005 0.000138 0
 0.024247 0.527279 0.194871 0.055427 0.074453 0.040192 0.025745 0.02169 0.021289 0.008954 0.003638 0.00095 0.000948 0.000169 0.000147
 0.008543 0.150288 0.691843 0.053185 0.014149 0.026573 0.025452 0.013869 0.008162 0.005747 0.001421 0.000562 9.04e-005 0.000116 0
 0.0002 0.120162 0.454616 0.305986 0.030152 0.013916 0.019279 0.022363 0.017396 0.008572 0.003956 0.002706 0.000697 0 0
 0.037672 0.247673 0.331098 0.239905 0.086129 0.019158 0.00703 0.010141 0.008111 0.006514 0.00336 0.001667 0.001229 0.000245 6.78e-005
 0.012042 0.186306 0.308118 0.261359 0.15068 0.040795 0.011772 0.007098 0.008047 0.006471 0.004559 0.001741 0.000722 0.000221 6.92e-005
 0.0395 0.211525 0.280373 0.163648 0.152892 0.083939 0.021921 0.010012 0.013973 0.010706 0.006862 0.003069 0.001153 0.000206 0.000222
 0.004034 0.190932 0.339926 0.183116 0.104124 0.087117 0.034572 0.015525 0.008981 0.009877 0.010508 0.006561 0.003192 0.001036 0.0005
 0.000262 0.033202 0.465713 0.29335 0.104387 0.047308 0.023758 0.01361 0.007403 0.004299 0.003453 0.002115 0.000699 0.00029 0.000152
 0.00237 0.012649 0.08055 0.584991 0.210743 0.051754 0.017953 0.017973 0.010743 0.004531 0.002704 0.001587 0.000928 0.000344 0.00018
 0.002906 0.067965 0.090431 0.179378 0.468209 0.125093 0.023738 0.014167 0.011353 0.006362 0.004356 0.002808 0.002017 0.000997 0.000218
 0.001082 0.023623 0.045694 0.22207 0.253549 0.337247 0.069013 0.01834 0.012938 0.008067 0.00366 0.001299 0.00151 0.000861 0.001046
 0.001377 0.028742 0.198541 0.06341 0.190469 0.167426 0.23081 0.058574 0.019048 0.013449 0.012929 0.005553 0.004909 0.002088 0.002675
 0.001514 0.042154 0.045222 0.366847 0.104926 0.185293 0.108734 0.105004 0.029249 0.00744 0.001637 0.001264 0.000132 0.000583 0
 0 0.014353 0.080902 0.056279 0.299858 0.100715 0.088821 0.065742 0.179309 0.039207 0.028064 0.015557 0.020974 0.004421 0.005799
 0 0.004867 0.207078 0.192308 0.115004 0.248302 0.102527 0.047866 0.017872 0.044149 0.008324 0.004658 0.001715 0.002506 0.002825
 0 0.002671 0.030904 0.083527 0.252883 0.093473 0.320776 0.053997 0.058166 0.018176 0.07233 0.006102 0.002235 0.001436 0.003325
 0.000752 0.018901 0.032625 0.125708 0.114964 0.273633 0.074005 0.211015 0.037632 0.058368 0.005178 0.034402 0.004865 0.002677 0.005275
 676.621 111787 39904 86511.9 139156 152795 386167 51933.4 218379 21789.4 114990 13764.7 72642.4 17064.3 41916.7
 0 93539.9 674859 132755 79533.9 114217 134308 252161 100104 155077 54319.7 43079.2 12481.1 41848.3 32341.7
 164.919 8114.74 262722 1.14615e+006 102147 65827.8 63710.3 53256.5 91219.6 20486.7 32304.6 11696.4 12520.1 6667 16501
 1639.08 35979.6 56762.5 359649 1.06671e+006 175769 54462.4 20196.2 13365.8 20711.4 8554.22 9407.67 7030.43 3719.6 7589.24
 0 473.072 81344.2 151699 397469 761197 130590 32209.4 11078.1 8482.89 18227.2 5472.45 6315.59 1549.08 9046.84
 0 23237.8 56239.9 81804.7 166442 368500 475118 185612 31412.2 13429.9 8813.42 8561.38 4778.79 5306 5739.3
 2364.39 83568.5 37758.9 111673 478565 288300 251336 196723 61581.5 13563.2 6420.07 4976.86 3505.96 4768.99 11173.6
 617.056 51145.8 89811.8 71985.8 156917 686938 199049 128342 108710 29493.1 6326.47 5791.55 2868.19 3215.53 5483.29
 410.976 11594.8 294969 227749 105250 155675 473743 132714 57528.2 32891.6 3480.37 2229.44 738.789 388.986 1873.17
 0 17368.2 80172.8 423185 343030 105384 169067 359491 85963.9 29599.2 24372.6 5668.82 1550.79 808.137 1491.66
 0 3735.08 56752.9 162048 574754 405766 136069 129178 158270 57543.4 35104.2 16043.7 5866.49 2923.92 2127.91
 920.17 56708.8 111063 214793 284065 602179 267194 99315.8 87377.1 95564 34869.3 14461.4 12615.6 2774.66 1647.21
 0 17298.6 402201 320768 366794 305244 332057 157346 53033.4 40166.6 36510.1 23738.5 6950.09 3011.3 4000.46
 0 1131.76 90013.2 829602 479713 238170 168677 156876 64043.5 16920.1 18864 26114 10607.6 6637.73 7004.58
 0 3128.2 53749.2 391153 861813 489108 156439 67472.6 67084.8 33733.3 11246.6 10232.2 3410.22 1958.38 3553.43
 0 12188.2 84168.5 290121 622776 592209 279903 108900 49617.9 38353.7 16420 9613.08 9542.57 5124.14 7953.4
 1834.43 19475.6 57200.6 124241 374046 514742 306316 138972 50196.1 28038.4 23321.2 9435.19 6483.15 3424.54 12853.1
 0 25925 57088.4 78896.6 147251 307678 241978 150295 83937.7 22434.2 17750.5 13742.3 8595.05 2702.67 11918.2
 0 1317.22 176759 183503 94629.3 102205 112442 95993.3 69157.7 38032.4 24778.1 8065.49 7973.75 2867.87 11242.8
 693.667 28689.7 31187.7 561406 221159 54829.6 43241.9 54632.2 49788.9 33434.4 14403.4 9219.19 5109.01 5812.1 6692.53
 442.705 11497.2 193232 115114 807531 284799 64546.8 37203.9 38978 40560.7 25322.7 13368.9 1915.13 4044.14 4431.52
 0 8067.92 56509.3 524391 206284 425559 163839 52474.4 28640.5 38723.9 31979.6 24257.2 18504.4 4865.36 8951.2
 0 18733.6 365305 159236 833645 168602 103035 28100.4 46834 18733.6 37467.2 18733.6 28100.4 9366.8 37467.2
# agetmp
 0 18733.6 365305 159236 833645 168602 103035 28100.4 46834 18733.6 37467.2 18733.6 28100.4 9366.8 37467.2
# obs_bts_data
 3216.65 6558.21 4978.8 5944.37 5226.7 5524.59 7184.39 6518.81 7302.32 5167.75 4526.18 5299.84 5026.74 5482.25 3086.21 3627.15 2757 3800.72 5089.07 4199.91 4958.29 8457.66 3886.46 4843.17 3045.44 4337.54 3031.2 2282.42 3748 3112.31 3487.23 4.1612e+006
# bbbtmp
4.1612e+006
# std_obs_bts_data
 411.254 552.914 508.944 434.493 516.448 613.157 747.425 584.727 959.711 644.117 513.344 471.185 527.05 1041.37 274.004 452.339 314.867 448.64 580.729 339.975 449.673 2061.27 358.175 448.095 283.806 447.358 346.349 277.023 524.72 282.8 343.686 470078
# bbbtmp
470078
# wt_bts
 0.0297545 0.0732474 0.178098 0.346033 0.441754 0.697806 1.00861 1.1227 1.22339 1.41582 1.54219 1.2934 1.7265 1.62511 1.75627
 0.0158878 0.131895 0.232785 0.397181 0.55034 0.667496 0.79215 1.04145 1.13923 1.01853 1.11635 1.15195 1.45184 1.62511 1.75627
 0.0148449 0.0577281 0.224808 0.414169 0.625295 0.75059 0.878081 1.06693 1.22862 1.36715 1.59632 1.2934 1.42142 1.51108 2.10461
 0.0244886 0.0846415 0.232002 0.416061 0.499582 0.743205 0.882141 0.995631 1.34303 1.1405 1.27986 1.2934 1.59594 1.77993 1.75627
 0.017696 0.0813166 0.125215 0.404539 0.519347 0.742381 0.847539 0.982828 1.11071 1.39094 1.43357 1.47671 1.45184 1.62511 1.75627
 0.0259888 0.0833 0.162703 0.353353 0.459699 0.611873 0.762157 0.866451 0.952122 1.03441 1.20038 1.35041 1.63902 1.93013 1.75627
 0.0185901 0.0696913 0.231735 0.398818 0.51767 0.59598 0.696477 0.846246 0.919912 1.09496 1.23838 1.2485 1.54042 1.62511 1.75627
 0.0186548 0.0811627 0.175047 0.372122 0.471843 0.566618 0.661195 0.768515 0.984397 0.987672 1.11463 1.14618 1.18798 1.62511 1.90563
 0.0211138 0.08835 0.159628 0.36602 0.528016 0.657582 0.703615 0.817839 0.916025 1.10096 1.18305 1.19996 1.21518 1.37881 2.03046
 0.019639 0.0602581 0.141157 0.372255 0.547379 0.639276 0.769131 0.819405 0.975749 1.02947 1.17724 1.26885 1.31877 1.43766 1.75627
 0.0288721 0.0803725 0.161363 0.370088 0.59922 0.669054 0.870259 0.956365 1.05413 1.0606 1.20405 1.30827 1.42228 1.41351 1.75627
 0.0192811 0.0866385 0.279418 0.422685 0.505519 0.586656 0.717895 0.835837 1.0143 1.05605 1.16721 1.28137 1.38908 1.49988 1.75627
 0.0208185 0.0729006 0.171111 0.48046 0.626437 0.693046 0.771037 1.05373 1.21706 1.15997 1.24265 1.33144 1.43122 1.47061 1.75627
 0.0155024 0.0533259 0.136542 0.376347 0.618673 0.726753 0.773676 0.966096 1.12229 1.2299 1.25304 1.34776 1.42026 1.45272 2.03844
 0.019195 0.064941 0.11899 0.354728 0.480392 0.685936 0.82011 0.885238 1.015 1.12168 1.30633 1.39797 1.49729 1.51825 2.04632
 0.0154717 0.0700685 0.194352 0.297766 0.444554 0.702984 0.81048 0.893984 1.03703 1.11502 1.18765 1.31524 1.31731 1.4699 1.82083
 0.020178 0.0584744 0.13956 0.335858 0.484512 0.554699 0.733736 0.845121 0.934553 1.02303 1.08731 1.29701 1.35401 1.64194 1.89979
 0.0168506 0.0570742 0.150523 0.364538 0.484104 0.586325 0.809773 0.979926 1.12134 1.14628 1.19884 1.27648 1.5803 1.68723 1.96238
 0.0159905 0.056568 0.166519 0.391758 0.4978 0.580843 0.724377 0.801481 0.896917 1.02752 1.2097 1.23109 1.32174 1.40875 1.98669
 0.0199749 0.0565776 0.116087 0.397374 0.574306 0.652988 0.755948 0.883202 0.912548 0.978324 1.15067 1.22867 1.34097 1.40305 1.79931
 0.019741 0.0754299 0.231306 0.372488 0.593804 0.691136 0.769925 0.86594 0.94784 0.98659 1.01801 1.17997 1.25889 1.44124 1.81776
 0.0216566 0.0972841 0.237402 0.46448 0.595879 0.693349 0.751326 0.851744 0.903124 0.979604 1.01304 1.08134 1.45184 1.62511 1.94336
 0.0250724 0.0971334 0.241161 0.460308 0.567217 0.699444 0.796299 0.838263 0.980362 1.01323 1.09754 1.12448 1.17271 1.44767 2.05902
 0.0220954 0.0629685 0.183232 0.410324 0.579754 0.658722 0.761042 0.872457 0.939049 0.986213 1.12484 1.1567 1.45184 1.62511 1.76224
 0.0253304 0.099879 0.145441 0.361023 0.575019 0.665676 0.7817 0.8607 1.09258 1.17599 1.21965 1.29865 1.37664 1.347 1.90796
 0.0212335 0.0801047 0.207792 0.437895 0.569507 0.757561 0.94653 1.05233 1.11431 1.29313 1.31162 1.27975 1.49763 1.44106 1.85064
 0.0231668 0.0673234 0.151302 0.340588 0.526252 0.684246 0.816156 0.997364 1.08855 1.18488 1.34413 1.2934 1.45184 1.62511 1.75627
 0.0215424 0.0581678 0.21196 0.423576 0.587125 0.668136 0.950969 1.08866 1.2342 1.35433 1.38601 1.2934 1.5975 1.69514 1.97568
 0.0247936 0.0719325 0.209259 0.405083 0.557569 0.694599 1.00953 1.07253 1.26311 1.32023 1.33722 1.41113 1.55451 1.64498 2.07438
 0.023536 0.0853988 0.159362 0.409315 0.536161 0.627326 0.855909 0.983301 1.0824 1.12902 1.21548 1.27679 1.39273 1.42704 2.15444
 0.0210007 0.0679183 0.199106 0.349251 0.518435 0.654284 0.786124 0.924496 1.18493 1.2076 1.29504 1.33167 1.38606 1.60222 2.03654
 0.0210007 0.0679183 0.199106 0.349251 0.518435 0.654284 0.786124 0.924496 1.18493 1.2076 1.29504 1.33167 1.38606 1.60222 2.03654
# wt_bts(n_bts)
 0.0210007 0.0679183 0.199106 0.349251 0.518435 0.654284 0.786124 0.924496 1.18493 1.2076 1.29504 1.33167 1.38606 1.60222 2.03654
# std_bts
 1261.94 1190.53 791.546 1947.06 827.95 1121.81 1462.47 1134.82 1372.63 824.344 807.893 912.995 956.365 1783.25 508.344 1080.44 591.627 833.642 1017.15 695.382 761.616 1862.38 498.575 742.719 426.615 668.463 430.889 413.812 706.84 452.245 610.731 692621
# bbbtmp
692621
# oac_bts_data
 947.902 2270.88 2432.3 3111 1059.21 143.556 99.8575 47.9748 30.1975 19.2058 11.743 7.24123 2.54383 1.00864 0.95487
 3911.73 580.467 1278.33 2266.42 5050.76 1552.29 285.882 156.536 70.9551 60.821 45.643 16.1958 6.56566 5.46084 2.48358
 366.596 280.868 398.787 1153.18 1458.66 3426.65 652.25 145.094 67.772 24.1776 16.1826 6.38237 3.71654 4.54123 2.27455
 4784.95 676.813 2562.93 832.566 2875.94 1834.82 1271.59 252.166 65.1727 53.4121 18.3181 6.29237 6.76786 0.743729 0.322561
 2187.71 496.875 361.83 1337.61 816.279 1382.13 1218.95 1121.66 357.22 55.5373 25.7419 11.2875 1.11337 3.03949 1.101
 344.537 559.691 723.114 538.476 3245.87 913.181 917.964 370.297 1197.32 189.009 57.4028 23.1595 4.34557 2.14134 1.83056
 1067.68 513.968 1198.16 2285.83 1012.44 3319.14 1001.59 785.532 462.283 1117.4 107.347 64.3222 13.3932 16.915 9.43774
 761.445 224.91 428.434 1411.39 3197.56 645.132 2485.39 379.35 471.192 182.267 580.745 101.059 89.1388 44.7415 63.3971
 1720.88 240.676 86.064 552.224 1110.28 3754.28 759.334 1906.46 197.599 372.659 57.8831 543.619 46.829 35.8292 47.7429
 2418.71 659.691 233.425 76.1446 460.925 429.272 1420.08 533.929 1157.13 303.335 418.451 87.434 264.704 37.8672 35.2289
 1337.3 325.178 1702.5 284.653 319.08 536.428 477.835 688.895 310.441 594.72 212.107 268.201 117.138 92.1814 72.6605
 2340.06 333.467 707.228 2971.24 647.001 520.662 275.148 383.801 526.194 324.665 285.386 207.685 164.48 91.1065 109.781
 1246.46 522.877 384.927 1114.91 3025.4 530.239 140.594 124.304 142.79 267.786 165.997 233.429 89.3457 86.3056 144.747
 1439.37 140.907 269.876 1224.39 1603.73 2565.95 1086.44 287.6 178.906 115.973 219.466 90.4948 167.217 67.8983 101.337
 1433.29 346.646 155.136 308.028 806.023 1125.2 1026.83 348.778 87.4616 94.2044 64.5348 122.768 40.3395 73.733 99.5077
 2238.5 338.626 146.383 179.526 2165.6 1008.4 626.057 781.887 136.56 70.4434 52.8707 58.6837 95.973 31.5204 110.859
 625.055 549.398 280.849 185.378 353.962 2023.57 528.388 342.05 268.431 67.483 30.796 10.9408 24.2256 27.7934 65.2316
 817.266 704.173 646.15 700.613 401.373 725.578 1845.54 514.181 259.788 243.223 90.534 38.8067 16.3179 23.9655 82.0775
 920.6 292.595 352.844 1188.96 1222.76 647.507 570.5 1874.3 736.979 394.234 172.383 115.908 36.4693 16.702 75.5221
 1465.31 840.749 440.997 406.788 1034.06 1093.16 474.842 239.293 717.902 518.43 201.485 162.797 65.5486 23.2829 64.8571
 644.23 300.362 618.257 893.902 927.049 1203.7 627.274 306.11 420.57 792.276 395.302 178.657 106.66 32.8244 37.0008
 375.528 124.474 722.502 1178.29 1376.83 1243.94 1651.2 914.558 411.316 536.178 1080.54 468.776 178.768 89.3232 68.5577
 319.722 224.94 140.21 1036.18 1004.89 762.189 448.117 486.278 241.699 151.338 151.846 274.815 117.94 29.4507 23.2005
 345.344 123.981 184.978 798.513 2318.8 1578.44 838.052 386.983 297.313 230.113 59.8017 126.731 207.161 81.1267 84.434
 715.001 61.9039 96.0932 316.784 790.65 1005.87 646.754 312.299 179.062 155.164 74.6614 46.6949 67.3638 90.5106 89.8616
 2022.41 47.7713 116.349 337.077 1056.45 1244.36 904.517 655.834 278.307 125.155 116.416 100.775 46.5341 58.3726 112.672
 441.957 99.0976 81.9094 148.372 420.889 851.837 672.542 470.535 299.952 118.432 99.5714 75.9743 34.6706 19.2092 120.307
 674.119 164.98 342.147 372.62 218.832 318.005 432.808 341.527 249.786 123.197 81.535 27.3997 27.5891 14.3867 58.9468
 407.956 114.583 203.608 2054.79 930.384 294.518 260.637 278.503 294.852 202.994 175.095 64.3934 39.3736 23.0001 50.8949
 982.432 100.128 208.298 284.963 1432.95 706.443 209.966 120.762 189.381 188.503 157.372 120.322 50.8774 24.0241 64.3873
 963.5 188.128 344.103 2472.13 572.213 914.812 313.043 124.586 93.9556 129.967 106.171 93.8743 78.638 28.068 51.2034
 0.08 0 0.2 0.07 0.32 0.11 0.03 0.01 0.04 0.07 0.05 0.01 0.01 0 0
# agetmp
 0.08 0 0.2 0.07 0.32 0.11 0.03 0.01 0.04 0.07 0.05 0.01 0.01 0 0
# std_eit
 115785 3561 2993 2456.01 1545.9 1756.21 886.36 956.993 2135.99 965.497 1466.77 1032.6 469.3 666.378 1459.29 1033.59 2461.36 1647.93
# bbbtmp
5452.75
# oac_eit_data
 69110 41132 3884 413 534 128 30 4 28 59 69 29 3 1 0
 108 3401 4108 7637 1790 283 141 178 90 55 122 0 0 0 0
 2076 929 8149 898 2186 1510 1127 130 21 7 8 0 0 0 0
 10.8547 1112 3586 3864 739 1882 403 151 129.529 254.519 159 0 0 0 0
 639.268 5942.33 967.026 214.548 224.129 133.045 119.732 38.6853 37.037 14.6672 16.0387 5.27501 7.8624 4.59 4.55522
 452.855 3905.61 1127.23 1670.3 1908.49 293.253 69.3289 66.7717 30.0946 21.0614 6.39041 13.0099 2.98108 5.66384 9.4311
 972.336 446.397 520.371 2686.48 820.736 509.295 434.354 84.8689 16.7228 6.27494 5.69889 12.1451 1.30794 4.78318 3.46733
 12383.8 2742.75 385.329 490.91 1918.11 384.006 205.286 142.672 32.7358 3.88848 4.94553 2.01023 2.23296 2.29979 2.30643
 111.866 1587.61 3596.96 1683.59 582.566 273.946 1169.06 400.235 104.644 66.8737 14.4645 6.47155 1.67028 0 0.693254
 257.922 1272.33 1184.94 2480.02 899.714 243.889 233.993 725.124 190.428 84.694 35.6259 18.0776 1.16646 1.35511 0.468367
 561.314 4187.55 3841.04 1295.26 685.346 593.335 287.573 99.9915 131.714 237.878 117.876 48.1013 25.2 6.42568 3.15418
 15.7537 275.067 1188.8 2928.94 1444.34 417.027 202.494 192.769 67.998 34.6993 24.5999 19.8102 12.1427 5.79953 4.25074
 455.565 208.613 281.973 610.074 695.296 551.78 319.701 110.072 52.9891 40.3261 23.3214 16.2302 8.5639 9.89442 11.2579
 5588.54 1026.21 319.706 430.071 669.189 588.829 305.669 166.211 60.1981 18.7774 20.1778 5.73362 1.7041 2.10003 3.54267
 36.4815 2905.29 1031.61 144.388 106.867 170.176 132.378 70.6907 58.2177 14.9678 15.1485 6.92864 4.45513 1.92758 4.45668
 5127.67 797.398 1674.35 198.932 31.0567 33.9088 50.5133 37.5163 20.7939 15.822 5.54575 2.15949 0.515227 0.417685 0.78725
 2525.54 6395.2 973.476 2183.45 383.646 46.2969 6.22029 7.40018 6.78916 6.47934 5.99032 2.60866 1.93864 1.2954 2.24214
 75.5395 1875.34 1745.33 2343.48 254.135 245.79 62.9207 19.0209 8.71771 12.1265 9.23709 7.21983 5.39105 1.14561 1.87479
# agetmp
 4957.05 8426.98 991.41 3469.93 495.705 495.705 0 495.705 0 0 0 0 0 0 0
# obs_eit_data
 7460 4900 4800 4680 1450 2886.23 2310.73 2592.18 3285.08 3048.7 3621.82 3306.94 1560.13 1769.02 996.939 923.843 2322.64 1732.37
# bbbtmp
5452.75
# std_obs_eit_data
 1865 1225 1200 1170 362.5 721.557 577.682 648.045 821.27 762.174 905.454 826.734 390.034 442.255 249.235 230.961 580.661 433.093
# bbbtmp
5452.75
# wt_eit
 0.0271027 0.103943 0.246133 0.397317 0.545315 0.667308 0.777638 0.877166 0.948517 1.07757 1.14613 1.27114 1.32069 1.52068 1.41891
 0.0271027 0.103943 0.246133 0.397317 0.545315 0.667308 0.777638 0.877166 0.948517 1.07757 1.14613 1.27114 1.32069 1.52068 1.41891
 0.0271027 0.103943 0.246133 0.397317 0.545315 0.667308 0.777638 0.877166 0.948517 1.07757 1.14613 1.27114 1.32069 1.52068 1.41891
 0.0271027 0.103943 0.246133 0.397317 0.545315 0.667308 0.777638 0.877166 0.948517 1.07757 1.14613 1.27114 1.32069 1.52068 1.41891
 0.0271027 0.103943 0.246133 0.397317 0.545315 0.667308 0.777638 0.877166 0.948517 1.07757 1.14613 1.27114 1.32069 1.52068 1.41891
 0.0280983 0.0889504 0.233834 0.387289 0.562235 0.632201 0.704352 0.848888 0.969022 1.13836 1.23182 1.44521 1.40386 1.35663 1.82259
 0.037774 0.0791807 0.228031 0.330858 0.482485 0.671084 0.828614 0.853917 0.971968 1.04654 1.21182 1.40649 1.17131 1.47078 1.5959
 0.0338021 0.13474 0.257568 0.384177 0.479309 0.611452 0.785806 0.979087 1.04596 1.14558 1.23957 1.71502 2.03376 1.67279 1.42311
 0.0294282 0.0986272 0.235584 0.380246 0.466445 0.599929 0.642847 0.696933 0.808573 0.934792 0.983716 1.11009 0.896257 1.61904 1.28967
 0.0315328 0.113173 0.240188 0.392893 0.543012 0.639747 0.712192 0.745851 0.782381 0.901469 1.09485 0.923575 1.07247 1.8921 1.41694
 0.0333278 0.133009 0.256049 0.396708 0.563822 0.679884 0.805021 0.936518 1.00647 1.03443 1.14294 1.09698 1.50818 1.4405 1.30902
 0.0234171 0.115008 0.276889 0.459929 0.569257 0.692991 0.767982 0.857368 0.913346 0.987011 1.02218 1.10497 1.04827 1.07025 1.34957
 0.0193808 0.10146 0.244145 0.378146 0.526992 0.652067 0.763604 0.846668 0.93352 0.971437 1.00115 1.14953 1.21169 1.28105 1.17992
 0.0184956 0.0871934 0.279247 0.437188 0.582489 0.686632 0.788236 0.871 0.9701 1.10271 1.10567 1.23695 1.23549 1.74946 1.23063
 0.0225536 0.0835334 0.213971 0.406608 0.575801 0.689063 0.805223 0.981971 0.96832 1.26256 1.24721 1.24665 1.38971 1.63803 1.24697
 0.02032 0.108501 0.241959 0.416451 0.646619 0.785333 0.950143 1.03062 1.06402 1.32836 1.32654 1.54704 1.55659 1.53682 1.74372
 0.0316891 0.117343 0.221258 0.441148 0.565233 0.721913 0.936799 1.33656 1.57448 1.62244 1.69253 1.89536 1.927 1.94145 1.96177
 0.0270621 0.0959196 0.196688 0.375679 0.532484 0.689809 0.83814 0.928383 1.2696 1.26711 1.32831 1.38774 1.46134 1.76474 1.75766
# wt_eit(n_eit)
 0.0270621 0.0959196 0.196688 0.375679 0.532484 0.689809 0.83814 0.928383 1.2696 1.26711 1.32831 1.38774 1.46134 1.76474 1.75766
# bottom_temp
 0.80157 1.30878 0.887434 0.962802 0.660695 1.36387 0.937347 1.26377 1.03611 1.21835 0.770515 1.31696 0.565789 0.646255 1.44758 1.09525 1.476 0.149056 0.870974 1.0492 1.4319 1.62911 1.4676 1.49988 0.651584 0.644704 0.407247 0.439672 0.439672 0.439672 0.439672 0.439672
# bottom_temp(n_bts)
0.439672
# age_err
 0.994244 0.00575563 1.72085e-014 0 0 0 0 0 0 0 0 0 0 0 0
 0.0175893 0.964821 0.0175893 1.31726e-010 0 0 0 0 0 0 0 0 0 0 0
 3.02407e-008 0.0354755 0.929049 0.0354755 3.02407e-008 0 0 0 0 0 0 0 0 0 0
 1.37642e-015 1.06345e-006 0.0570151 0.885968 0.0570151 1.06345e-006 0 0 0 0 0 0 0 0 0
 4.00256e-023 1.07368e-012 1.25034e-005 0.0800111 0.839953 0.0800111 1.25034e-005 1.0737e-012 0 0 0 0 0 0 0
 2.60138e-030 4.3039e-019 1.28473e-010 7.42239e-005 0.102942 0.793967 0.102942 7.42239e-005 1.28473e-010 0 0 0 0 0 0
 5.84415e-037 2.15487e-025 4.21443e-016 4.50364e-009 0.000281265 0.124855 0.749727 0.124855 0.000281265 4.50364e-009 0 0 0 0 0
 4.97989e-043 2.22333e-031 1.20521e-021 8.05406e-014 6.82989e-008 0.000783758 0.145168 0.708096 0.145168 0.000783758 6.82989e-008 8.04912e-014 0 0 0
 1.53213e-048 5.72471e-037 4.96374e-027 1.00763e-018 4.861e-012 5.73191e-007 0.00175627 0.163535 0.669415 0.163535 0.00175627 5.73191e-007 4.861e-012 0 0
 1.53481e-053 3.83897e-042 3.73144e-032 1.41731e-023 2.12209e-016 1.27101e-010 3.12953e-006 0.00335636 0.179774 0.633733 0.179774 0.00335636 3.12953e-006 1.27101e-010 0
 4.44725e-058 6.52201e-047 5.63864e-037 2.88468e-028 8.78104e-021 1.60419e-014 1.7843e-009 1.24067e-005 0.00569276 0.193828 0.600935 0.193828 0.00569276 1.24067e-005 1.78432e-009
 3.31823e-062 2.64649e-051 1.75099e-041 9.63588e-033 4.42695e-025 1.70724e-018 5.57361e-013 1.56221e-008 3.85602e-005 0.00881111 0.205734 0.570832 0.205734 0.00881111 3.85758e-005
 5.72716e-066 2.3904e-055 1.09882e-045 5.57369e-037 3.12791e-029 1.94922e-022 1.35614e-016 1.06218e-011 9.49508e-008 9.9252e-005 0.0126948 0.215603 0.543205 0.215603 0.0127942
 2.07752e-069 4.47114e-059 1.34412e-049 5.6524e-041 3.33145e-033 2.75909e-026 3.22266e-020 5.3369e-015 1.2634e-010 4.33255e-007 0.000220213 0.0172757 0.223589 0.517829 0.241086
 1.45564e-072 1.61613e-062 3.06517e-053 9.94208e-045 5.52292e-037 5.26447e-030 8.63281e-024 2.44415e-018 1.20104e-013 1.03257e-009 1.57315e-006 0.000433888 0.0224485 0.229872 0.747244
# nlbins
25
# olc_fsh
 0.00205706 0.00173226 0.00223941 0.00361838 0.00511701 0.00272376 0.00309984 0.00404005 0.00561846 0.00791485 0.0115275 0.0162969 0.0230437 0.0330213 0.0444006 0.0601676 0.153926 0.162474 0.13808 0.10397 0.0744018 0.0504237 0.0332891 0.0214595 0.0353575
# age_len
 1 0 0 0 0 0 0 0 0 0 0 0 0 0 0 0 0 0 0 0 0 0 0 0 0
 0.989821 0.00949111 0.000665399 2.22e-005 3.43599e-007 8.88786e-009 6.42094e-010 3.83076e-011 1.88716e-012 7.67164e-014 2.55351e-015 1.11022e-016 0 0 0 0 0 0 0 0 0 0 0 0 0
 0.180298 0.234398 0.270851 0.195853 0.074603 0.0240792 0.0118277 0.00514832 0.00198581 0.000678747 0.000205576 5.51723e-005 1.31205e-005 2.76469e-006 5.16186e-007 9.4536e-008 5.13897e-009 6.64366e-011 5.31575e-013 2.66454e-015 0 0 0 0 0
 0.00166346 0.00912847 0.0377228 0.105055 0.140131 0.117867 0.126504 0.122736 0.107645 0.085343 0.0611639 0.0396254 0.0232061 0.0122851 0.00587894 0.00316157 0.000799915 7.78989e-005 5.09939e-006 2.24197e-007 6.61444e-009 1.30845e-010 1.73417e-012 1.53211e-014 0
 2.22557e-006 3.45439e-005 0.000382199 0.00289119 0.00901231 0.0141954 0.0258478 0.0427249 0.0641097 0.0873276 0.107986 0.121218 0.123525 0.11427 0.0959612 0.101111 0.0649271 0.019726 0.00410357 0.000584149 5.68613e-005 3.78195e-006 1.71747e-007 5.32124e-009 1.14035e-010
 2.70675e-008 5.22089e-007 7.64535e-006 8.19562e-005 0.000356531 0.000735763 0.00172441 0.00373444 0.00747298 0.0138181 0.0236096 0.0372748 0.0543789 0.0733052 0.091312 0.160683 0.217652 0.166757 0.0937213 0.0386334 0.0116778 0.00258769 0.000420211 4.99882e-005 4.64555e-006
 8.27913e-010 1.74607e-008 2.91765e-007 3.72969e-006 1.92927e-005 4.59148e-005 0.000123404 0.00030996 0.000727584 0.00159611 0.00327224 0.00626948 0.0112259 0.0187853 0.0293778 0.0702166 0.149284 0.1976 0.200435 0.155804 0.0928067 0.0423586 0.0148119 0.00396752 0.000958662
 5.30346e-011 1.15565e-009 2.05618e-008 2.88423e-007 1.64169e-006 4.23504e-006 1.23218e-005 3.3762e-005 8.71213e-005 0.00021172 0.000484551 0.00104438 0.00211994 0.00405257 0.00729594 0.0211652 0.0600186 0.112302 0.165885 0.193449 0.178104 0.129457 0.0742853 0.0336497 0.0163364
 1.1121e-011 2.24284e-010 3.80937e-009 5.24074e-008 2.99369e-007 7.82469e-007 2.32059e-006 6.52615e-006 1.74038e-005 4.40106e-005 0.000105536 0.000239979 0.000517459 0.00105806 0.0020515 0.00662611 0.0222172 0.0512141 0.09572 0.145061 0.178256 0.177621 0.143515 0.0940267 0.0816991
 1.40509e-011 2.20096e-010 3.03126e-009 3.48664e-008 1.7634e-007 4.27456e-007 1.19675e-006 3.20192e-006 8.18669e-006 2.00032e-005 4.67073e-005 0.000104223 0.000222247 0.0004529 0.00088199 0.00289994 0.0101866 0.0254174 0.0529996 0.0923566 0.134502 0.163705 0.166523 0.141568 0.208101
 2.4344e-011 3.02361e-010 3.42929e-009 3.32516e-008 1.49043e-007 3.34399e-007 8.80816e-007 2.23032e-006 5.4289e-006 1.27034e-005 2.85754e-005 6.17913e-005 0.000128448 0.000256678 0.000493078 0.00160724 0.0056728 0.0145423 0.031884 0.0597899 0.0958971 0.131557 0.154367 0.154929 0.348763
 5.09363e-011 5.12035e-010 4.86598e-009 4.02673e-008 1.60893e-007 3.34882e-007 8.30664e-007 1.98994e-006 4.60399e-006 1.02875e-005 2.22006e-005 4.62701e-005 9.3136e-005 0.000181057 0.000339934 0.00108314 0.00375339 0.00959398 0.0213601 0.0414229 0.0699713 0.102955 0.131954 0.147316 0.469891
 1.18383e-010 9.8155e-010 7.94939e-009 5.68958e-008 2.04224e-007 3.95971e-007 9.27646e-007 2.10669e-006 4.63789e-006 9.89784e-006 2.04767e-005 4.10659e-005 7.98366e-005 0.000150461 0.000274882 0.00085008 0.00285607 0.00715572 0.0158468 0.03102 0.0536731 0.0820898 0.11098 0.132623 0.56232
 2.89263e-010 2.01187e-009 1.4105e-008 8.84561e-008 2.87582e-007 5.21957e-007 1.1592e-006 2.50329e-006 5.25641e-006 1.07323e-005 2.13072e-005 4.11326e-005 7.72097e-005 0.000140924 0.000250107 0.000748308 0.00242205 0.00589158 0.0128208 0.0249597 0.0434717 0.0677361 0.0944239 0.117759 0.629216
 2.36123e-010 1.36342e-009 8.28422e-009 4.58367e-008 1.36261e-007 2.3365e-007 4.96765e-007 1.03162e-006 2.09255e-006 4.14589e-006 8.02314e-006 1.51655e-005 2.79997e-005 5.04937e-005 8.89417e-005 0.000265358 0.000866491 0.00216402 0.00492189 0.0101948 0.0192308 0.0330367 0.0516864 0.0736438 0.803791
# test
1234
