# styr
1976
# endyr+1
2050
# styr_fut+1
2051
# endyr_fut+1
2054
# phase_F40
3
# median_rec
4.12962e+007
# nages
21
# nselages
19
# nselages_srv1
19
# nselages_srv2
19
# nselages_srv3
19
# phase_logistic_sel
3
# nlen
25
# nobs_fish+1
63
# yrs_fish
 1978 1979 1980 1981 1982 1983 1984 1985 1986 1987 1988 1990 1991 2000 2001 2002 2003 2004 2005 2006 2007 2008 2009 2010 2011 2012 2013 2014 2015 2016 2017 2018 2019 2020 2021 2022 2023 2024 2025 2026 2027 2028 2029 2030 2031 2032 2033 2034 2035 2036 2037 2038 2039 2040 2041 2042 2043 2044 2045 2046 2047 2048
# yrs_fish(nobs_fish)+1
2049
# nsamples_fish
 25 25 25 25 25 25 25 25 25 25 25 25 25 25 25 25 25 25 25 25 25 25 25 25 25 25 25 25 25 25 25 25 25 25 25 25 25 25 25 25 25 25 25 25 25 25 25 25 25 25 25 25 25 25 25 25 25 25 25 25 25 25
 25 25 25 25 25 25 25 25 25 25 25 25 25 25 25 25 25 25 25 25 25 25 25 25 25 25 25 25 25 25 25 25 25 25 25 25 25 25 25 25 25 25 25 25 25 25 25 25 25 25 25 25 25 25 25 25 25 25 25 25 25 25
# nsamples_fish(1,nobs_fish)
25
# nsamples_fish(2,nobs_fish)
25
# nobs_srv1+1
69
# nobs_srv2
11
# nobs_srv3
12
# yrs_srv1
 1982 1983 1984 1985 1986 1987 1988 1989 1990 1991 1992 1993 1994 1995 1996 1997 1998 1999 2000 2001 2002 2003 2004 2005 2006 2007 2008 2009 2010 2011 2012 2013 2014 2015 2016 2017 2018 2019 2020 2021 2022 2023 2024 2025 2026 2027 2028 2029 2030 2031 2032 2033 2034 2035 2036 2037 2038 2039 2040 2041 2042 2043 2044 2045 2046 2047 2048 2049
# yrs_srv1(nobs_srv1)+1
2050
# yrs_srv2
 1979 1981 1982 1985 1988 1991 2002 2004 2008 2010 2012
# yrs_srv3
 1980 1983 1986 1991 1994 1997 2000 2002 2004 2006 2010 2012
# nobs_srv1_length+1
68
# nobs_srv2_length
10
# nobs_srv3_length
12
# yrs_srv1_length
 1981 1982 1983 1984 1985 1986 1987 1988 1989 1990 1991 1992 1993 1994 1995 1997 1999 2000 2001 2002 2003 2004 2005 2006 2007 2008 2009 2010 2011 2012 2013 2014 2015 2016 2017 2018 2019 2020 2021 2022 2023 2024 2025 2026 2027 2028 2029 2030 2031 2032 2033 2034 2035 2036 2037 2038 2039 2040 2041 2042 2043 2044 2045 2046 2047 2048 2049
# yrs_srv1_length(nobs_srv1_length)+1
2050
# yrs_srv2_length
 1981 1982 1985 1988 1991 2002 2004 2008 2010 2012
# yrs_srv3_length
 1980 1983 1986 1991 1994 1997 2000 2002 2004 2006 2010 2012
# nsamples_srv1_length
 200 200 200 200 200 200 200 200 200 200 200 200 200 200 200 200 200 200 200 200 200 200 200 200 200 200 200 200 200 200 200 200 200 200 200 200 200 200 200 200 200 200 200 200 200 200 200 200 200 200 200 200 200 200 200 200 200 200 200 200 200 200 200 200 200 200 200
 200 200 200 200 200 200 200 200 200 200 200 200 200 200 200 200 200 200 200 200 200 200 200 200 200 200 200 200 200 200 200 200 200 200 200 200 200 200 200 200 200 200 200 200 200 200 200 200 200 200 200 200 200 200 200 200 200 200 200 200 200 200 200 200 200 200 200
# nsamples_srv1_length(1,nobs_srv1_length)
200
# nsamples_srv1_length(2,nobs_srv1_length)
200
# nsamples_srv2_length
 200 200 200 200 200 200 200 200 200 200
 200 200 200 200 200 200 200 200 200 200
# nsamples_srv3_length
 200 200 200 200 200 200 200 200 200 200 200 200
 200 200 200 200 200 200 200 200 200 200 200 200
# srv1_p1
 2.45748 0.800937 2.3364 3.98118 5.07676 3.39701 3.60217 7.69039 12.2282 9.97321 11.1276 7.89103 5.63555 7.23593 5.33653 2.72662 1.43837 0.386543 0.317167 0.390734 0.034767 0.035739 0 0 0
 3.34681 2.31181 9.48089 15.1865 10.9922 4.59024 6.66713 5.0776 9.50971 8.51684 7.68055 9.73143 9.35379 8.38671 5.07385 6.11538 4.39018 1.39554 0.455023 0.366861 0.049605 0.096096 0 0 0
 1.79911 13.5724 29.8946 44.525 41.6664 16.1592 10.2395 19.4485 23.6561 19.1025 20.4746 23.2527 15.8772 13.0859 6.94454 4.32314 2.78635 1.63669 1.76118 0.550288 0.244418 0 0 0 0
 7.80286 10.8271 6.99495 5.37969 5.34393 17.4385 40.6949 59.0759 62.1338 32.6142 16.5376 14.613 15.3414 21.3593 22.9715 7.16791 2.46886 2.99446 2.04658 1.76633 0.864435 0.125747 0 0 0
 5.01815 1.33783 5.08218 8.13662 8.88664 9.60699 12.9936 10.5516 11.061 20.1502 40.0834 44.2284 27.865 17.2497 11.6879 8.6467 5.96325 4.2614 1.19171 1.68292 0.773313 0.419571 0.12824 0 0.038446
 0.973935 8.14262 23.1283 28.1357 19.7914 7.29768 7.1107 13.9215 19.6682 19.6772 16.3015 18.4334 26.7592 55.9511 32.2217 12.9631 10.1576 8.10115 6.69477 1.61679 0.725684 0.360686 0 0 0
 1.94803 3.95522 14.327 13.67 9.24741 17.2673 42.529 53.3445 41.4125 21.7708 26.4431 26.7612 25.0201 31.6367 35.5428 37.6978 20.3691 8.79568 5.77955 4.05543 1.36948 0.274222 0 0.117567 0
 3.48832 11.625 56.5083 43.796 14.8141 7.84152 15.2004 26.5118 28.5756 38.0982 60.3702 67.2545 32.2507 38.2048 34.6415 20.0568 21.9747 14.3258 4.29108 2.74636 1.19044 0.518358 0.034232 0.04552 0
 2.78384 19.587 43.7024 30.1408 25.2801 43.6768 49.0465 42.9288 25.9954 27.9803 36.8886 45.1295 48.9313 74.3572 37.5003 24.2004 21.236 19.5587 14.1571 6.67183 2.42169 0.08009 0.247432 0 0
 3.8209 15.9658 16.0156 10.5359 6.07258 17.7851 37.4701 60.9673 62.3521 52.4094 61.6194 40.4056 27.8118 48.2305 66.1686 37.9099 17.847 12.1489 12.1774 10.0199 6.70255 1.78869 0.330815 0.080284 0
 1.14676 10.9938 12.7086 8.36049 11.3684 22.7489 28.5665 31.5654 30.2556 45.6869 67.2613 61.1922 42.0142 48.5056 27.2577 23.529 24.1969 13.2053 7.30535 6.31673 3.47373 4.26309 1.69189 0.235191 0.698218
 3.58253 11.3813 9.52146 7.76767 9.10512 11.0566 13.9356 18.6854 28.1742 31.5491 32.1663 33.3913 38.6078 66.4062 49.183 30.2475 19.8859 18.8786 11.1926 5.63757 3.91655 3.16811 1.2136 0.158795 0
 2.24738 8.989 10.0352 10.8061 16.4018 14.9894 12.4007 17.1984 25.1121 26.0585 32.2129 38.9789 39.8266 65.3071 64.7182 65.684 46.3032 28.5638 23.8819 17.0894 6.07273 1.9914 2.52005 0.780637 0.066475
 4.27982 16.8095 18.7158 12.8823 11.8388 20.0935 21.4518 19.4784 24.7887 26.3582 27.3867 32.2585 35.8149 70.9998 72.0489 52.519 42.9426 36.7661 21.2889 19.9281 8.2218 2.59147 1.14902 0.691971 0
 1.11035e+006 5.23965e+006 1.25679e+007 1.06013e+007 1.14528e+007 1.86212e+007 1.83608e+007 1.74913e+007 2.1998e+007 3.63247e+007 2.77201e+007 2.94387e+007 2.93744e+007 5.67056e+007 4.89274e+007 4.8525e+007 4.21335e+007 3.22734e+007 2.56345e+007 1.67431e+007 1.22005e+007 4.14988e+006 1.22197e+006 523580 0
 3.59537e+006 1.17668e+007 1.2656e+007 1.42819e+007 1.19826e+007 1.1008e+007 1.19501e+007 1.03843e+007 1.06239e+007 9.67604e+006 1.53072e+007 2.28592e+007 2.23427e+007 3.90192e+007 4.0234e+007 3.46411e+007 3.20763e+007 3.3064e+007 2.50084e+007 1.51488e+007 1.50213e+007 8.62946e+006 5.29014e+006 2.12071e+006 75223
 4.87094e+006 1.17349e+007 1.01926e+007 1.19997e+007 1.66632e+007 1.9766e+007 1.93593e+007 2.02304e+007 1.78218e+007 2.05768e+007 1.72104e+007 1.81544e+007 1.39492e+007 1.63052e+007 1.19575e+007 1.82714e+007 1.32751e+007 1.48685e+007 1.34425e+007 9.49145e+006 6.84477e+006 4.72745e+006 4.45121e+006 1.4941e+006 58262
 9.27774e+006 1.81657e+007 2.0165e+007 1.21737e+007 1.43501e+007 1.7576e+007 1.64078e+007 1.91569e+007 2.59573e+007 2.71773e+007 2.44377e+007 2.46787e+007 2.83608e+007 3.63374e+007 2.34911e+007 2.27636e+007 2.24208e+007 2.56882e+007 1.46134e+007 8.25952e+006 4.56356e+006 3.9526e+006 2.29571e+006 1.0737e+006 251097
 2.55107e+006 1.07012e+007 2.23362e+007 2.6547e+007 2.99045e+007 2.07569e+007 2.39518e+007 3.47585e+007 3.16923e+007 2.66868e+007 2.6311e+007 2.37403e+007 2.71291e+007 3.84761e+007 3.806e+007 2.90575e+007 2.25196e+007 1.82468e+007 1.83287e+007 1.02086e+007 6.95778e+006 3.26822e+006 3.21007e+006 1.59784e+006 78160
 5.72889e+006 1.04069e+007 9.27766e+006 8.96239e+006 1.53305e+007 2.88617e+007 3.84469e+007 4.40394e+007 4.96954e+007 4.11067e+007 3.899e+007 3.25928e+007 2.91343e+007 3.52609e+007 3.38146e+007 2.51066e+007 1.77785e+007 1.28437e+007 1.09277e+007 8.43977e+006 7.00117e+006 4.01849e+006 1.98487e+006 1.47696e+006 231889
 4.87917e+006 1.65385e+007 3.80701e+007 3.59898e+007 2.77936e+007 2.28177e+007 2.08952e+007 3.43632e+007 3.76031e+007 5.19693e+007 5.40829e+007 6.04269e+007 5.35032e+007 6.04871e+007 4.08366e+007 3.40144e+007 2.87075e+007 2.34347e+007 1.76557e+007 1.28754e+007 1.24367e+007 7.05937e+006 3.18943e+006 3.38529e+006 432382
 8.94207e+006 2.57627e+007 6.29954e+007 5.47104e+007 3.86052e+007 4.70405e+007 6.42435e+007 5.82385e+007 5.91198e+007 4.88748e+007 5.08097e+007 5.06625e+007 4.99832e+007 7.85589e+007 4.78655e+007 3.55753e+007 2.34055e+007 2.12886e+007 1.80711e+007 1.08997e+007 7.10076e+006 5.00386e+006 3.18462e+006 3.5956e+006 0
 8.77691e+006 3.00272e+007 7.18933e+007 6.28666e+007 4.07284e+007 5.44773e+007 6.25837e+007 7.16177e+007 6.98189e+007 7.98552e+007 8.49624e+007 7.22556e+007 5.97805e+007 7.79755e+007 6.86521e+007 6.06356e+007 3.57502e+007 2.5244e+007 2.00146e+007 1.7386e+007 1.53306e+007 6.93243e+006 4.34776e+006 2.36538e+006 875146
 4.7418e+006 1.38637e+007 2.03307e+007 3.03518e+007 2.6866e+007 3.70813e+007 6.16733e+007 9.46065e+007 8.2981e+007 5.62108e+007 5.97578e+007 5.92171e+007 6.55646e+007 9.1003e+007 5.0009e+007 4.06472e+007 3.81111e+007 2.20603e+007 1.29178e+007 1.09586e+007 7.75968e+006 6.55595e+006 3.01478e+006 2.70587e+006 637367
 1.94806e+007 4.60154e+007 3.65849e+007 2.49269e+007 2.05393e+007 1.65662e+007 1.93653e+007 3.26731e+007 4.01371e+007 5.01075e+007 6.34966e+007 5.80425e+007 4.78309e+007 6.20702e+007 5.01188e+007 3.94039e+007 2.56425e+007 1.84083e+007 1.05099e+007 7.94674e+006 7.01451e+006 5.95552e+006 3.32511e+006 1.6519e+006 566795
 8.28823e+006 2.41765e+007 3.51806e+007 3.84345e+007 4.78991e+007 5.01432e+007 3.93705e+007 3.47177e+007 4.82383e+007 5.76928e+007 6.35692e+007 7.49075e+007 6.98033e+007 8.63476e+007 6.23054e+007 5.0758e+007 2.9865e+007 1.80106e+007 9.7827e+006 6.75994e+006 5.56485e+006 4.74395e+006 1.39803e+006 2.55163e+006 765413
 7.48633e+006 1.94056e+007 1.81787e+007 1.21189e+007 2.13376e+007 3.2661e+007 3.97452e+007 3.79447e+007 5.62515e+007 4.15817e+007 3.49481e+007 3.88404e+007 4.00375e+007 6.89838e+007 5.1804e+007 3.54204e+007 2.42945e+007 1.26088e+007 6.12214e+006 5.60611e+006 4.32033e+006 3.30721e+006 3.15773e+006 2.80903e+006 266908
 1.26307e+007 3.88036e+007 2.84591e+007 1.05673e+007 2.153e+007 2.97713e+007 2.51419e+007 3.61916e+007 5.71372e+007 5.97646e+007 6.42914e+007 6.15206e+007 4.69877e+007 6.20516e+007 6.4579e+007 6.23531e+007 4.21594e+007 2.88328e+007 1.31435e+007 7.46514e+006 2.62389e+006 2.53955e+006 1.5142e+006 2.77225e+006 632512
 1.13563e+007 1.72034e+007 1.68321e+007 1.48446e+007 2.80269e+007 3.06564e+007 2.72912e+007 2.96276e+007 4.26405e+007 4.17217e+007 5.60912e+007 5.75703e+007 5.14485e+007 6.65698e+007 5.13169e+007 5.48381e+007 3.97009e+007 2.90712e+007 1.63835e+007 7.76038e+006 2.3095e+006 1.46485e+006 885054 1.41936e+006 521578
 1.3066e+007 1.86111e+007 1.44644e+007 1.8507e+007 2.3031e+007 2.40831e+007 3.47771e+007 4.3528e+007 4.05045e+007 3.61642e+007 4.10772e+007 3.68166e+007 4.38105e+007 6.40763e+007 4.36044e+007 3.52207e+007 3.27987e+007 2.60614e+007 1.17085e+007 8.62392e+006 3.09956e+006 1.57151e+006 1.13539e+006 1.23348e+006 444741
 0 0.03 0.04 0.02 0.02 0.06 0.02 0.01 0.05 0.04 0.08 0.06 0.04 0.07 0.07 0.05 0.05 0.04 0.1 0 0.05 0.02 0.03 0.01 0.04
 0 0.04 0.04 0 0.04 0.06 0.04 0.03 0.05 0.02 0.04 0.05 0.06 0.05 0.07 0.05 0.05 0.07 0.04 0.05 0.07 0 0.03 0.03 0.02
 0.01 0 0 0.02 0.03 0.04 0.06 0.06 0.04 0.08 0.03 0.07 0.01 0.08 0.05 0.05 0.06 0.07 0.03 0.04 0.07 0 0.05 0.01 0.04
 0 0.01 0.03 0.02 0.01 0.02 0.02 0.03 0.03 0.02 0.04 0.03 0.11 0.05 0.06 0.08 0.09 0.05 0.04 0.07 0.03 0.07 0.03 0.03 0.03
 0 0 0.02 0.01 0.04 0.06 0.01 0.04 0.03 0.03 0.02 0.06 0.06 0.07 0.07 0.05 0.06 0.04 0.02 0.08 0.04 0.02 0.04 0.06 0.07
 0.05 0.01 0.01 0 0.03 0.02 0.03 0.02 0.04 0.04 0.02 0.04 0.02 0.07 0.03 0.13 0.06 0.09 0.07 0.07 0.04 0.02 0.02 0.02 0.05
 0 0.09 0.03 0.01 0.02 0.02 0.01 0.01 0 0.01 0.03 0.03 0.04 0.06 0.05 0.06 0.1 0.06 0.12 0.05 0.05 0.03 0.03 0.06 0.03
 0.05 0 0 0.03 0.11 0.13 0.08 0.01 0.02 0.03 0.03 0.04 0.04 0.01 0.03 0.04 0.03 0.02 0.05 0.03 0.06 0.04 0.02 0.02 0.08
 0.04 0.05 0.07 0.01 0.01 0.02 0.08 0.11 0.14 0.09 0.04 0 0 0.02 0.01 0.06 0.03 0.04 0.03 0.02 0.02 0.03 0.03 0.02 0.03
 0 0.07 0.07 0.02 0.07 0.11 0.06 0.01 0.03 0.03 0.08 0.08 0.05 0.06 0.02 0 0.02 0.02 0.01 0.04 0.03 0.02 0.05 0.03 0.02
 0.01 0.01 0 0.02 0.09 0.12 0.07 0.1 0.1 0.08 0.05 0.05 0.03 0.04 0.05 0.02 0 0.02 0 0.03 0.02 0.02 0.02 0.03 0.02
 0.01 0 0.02 0.02 0.02 0.04 0.08 0.07 0.12 0.12 0.08 0.02 0.07 0.03 0.05 0.07 0.04 0.01 0 0.03 0 0.03 0.03 0.03 0.01
 0 0.01 0 0.01 0.02 0.02 0 0.01 0.01 0.07 0.15 0.14 0.07 0.08 0.08 0.03 0.06 0.06 0.06 0.03 0.02 0.02 0 0.01 0.04
 0.01 0.01 0.01 0 0.02 0.01 0.03 0.04 0.09 0.04 0.07 0.09 0.04 0.1 0.09 0.1 0.06 0.03 0.01 0.05 0 0.02 0.01 0.01 0.06
 0.01 0 0 0 0.04 0.01 0.02 0.05 0.03 0.04 0.03 0.06 0.02 0.04 0.09 0.11 0.13 0.07 0.07 0.03 0.01 0.04 0.01 0.03 0.06
 0 0 0.02 0 0 0.02 0.01 0.01 0.05 0.1 0.06 0.05 0.01 0.08 0.07 0.09 0.08 0.08 0.07 0.06 0.02 0.03 0.03 0.03 0.03
 0.01 0 0 0 0 0 0.03 0.01 0.02 0.05 0.04 0.06 0.03 0.05 0.09 0.05 0.07 0.11 0.12 0.08 0.05 0.04 0.01 0.05 0.03
 0.07 0.03 0 0 0.02 0.01 0.02 0.03 0.02 0.03 0.04 0.02 0.02 0.05 0.05 0.06 0.05 0.08 0.09 0.02 0.07 0.06 0.06 0.02 0.08
 0.01 0.05 0.04 0 0.06 0.07 0.05 0 0.02 0.02 0.01 0.01 0.04 0.03 0.05 0.04 0.02 0.06 0.07 0.07 0.11 0.06 0.02 0.05 0.04
 0.03 0.05 0.05 0.05 0.07 0.07 0.04 0.03 0.06 0.02 0.02 0 0.01 0.02 0.05 0.01 0.02 0.05 0.05 0.03 0.05 0.05 0.06 0.07 0.04
 0.01 0.01 0.01 0.03 0.02 0.07 0.08 0.07 0.07 0.05 0.1 0.03 0.03 0.02 0.02 0.04 0.03 0.08 0.02 0.03 0.03 0.04 0.03 0.03 0.05
 0.02 0.05 0.06 0.02 0.06 0.03 0.06 0.07 0.06 0.07 0.05 0.08 0.04 0.08 0.05 0.01 0 0 0.02 0.02 0.05 0.02 0.01 0.02 0.05
 0 0.02 0.04 0.02 0.11 0.17 0.07 0.03 0.04 0.01 0.04 0.02 0.1 0.07 0.05 0.05 0.04 0 0.01 0 0 0.01 0.02 0.03 0.05
 0 0.02 0 0.01 0.04 0.07 0.06 0.1 0.07 0.13 0.06 0.07 0.05 0.03 0.11 0.02 0.03 0.01 0.01 0.01 0.03 0 0.02 0 0.05
 0 0.01 0.02 0 0.04 0.03 0.06 0.05 0.08 0.06 0.1 0.11 0.05 0.07 0.05 0.05 0.06 0.04 0.02 0.01 0.01 0.02 0.01 0.02 0.03
 0 0.03 0.09 0.02 0.01 0.01 0.02 0.06 0.08 0.07 0.07 0.08 0.04 0.06 0.11 0.07 0.01 0.02 0.04 0.01 0.03 0.02 0.02 0 0.03
 0 0 0 0.06 0.07 0.08 0.07 0.06 0.05 0.05 0.01 0.05 0.05 0.05 0.11 0.08 0.03 0.04 0.01 0.02 0.03 0 0.02 0 0.06
 0.03 0.02 0.01 0 0.01 0.01 0.04 0.11 0.09 0.13 0.1 0.03 0.02 0.06 0.08 0.04 0.06 0.05 0.04 0.04 0.03 0 0 0 0
 0.05 0.02 0.01 0.02 0.04 0.08 0.08 0.01 0.03 0.05 0.07 0.06 0.07 0.03 0.06 0.09 0.07 0.04 0.02 0.01 0 0.01 0.02 0.02 0.04
 0 0.2 0.13 0.04 0.03 0.1 0.05 0.01 0.04 0.03 0.02 0.02 0.08 0.06 0.05 0.01 0.03 0.03 0.01 0.03 0.02 0.01 0 0 0
 0.01 0.01 0.01 0.07 0.12 0.2 0.13 0.07 0.02 0.08 0.04 0.01 0.04 0.03 0.02 0.04 0.02 0.02 0.02 0.01 0 0.02 0 0.01 0
 0 0.01 0 0 0.01 0 0.12 0.15 0.18 0.13 0.1 0.06 0.03 0 0.04 0.04 0.01 0.02 0 0.03 0.04 0.01 0.01 0 0.01
 0 0.06 0.01 0.02 0 0.02 0.01 0.02 0.05 0.14 0.16 0.15 0.14 0.07 0.04 0.02 0.02 0.02 0.01 0.01 0.02 0 0 0 0.01
 0.01 0.01 0.01 0 0.04 0.06 0.01 0.06 0.02 0.02 0.03 0.11 0.07 0.21 0.17 0.03 0.02 0.02 0.01 0.03 0.05 0 0 0.01 0
 0 0.01 0 0.02 0.01 0.08 0.05 0.1 0.1 0.04 0.01 0.05 0.01 0.13 0.1 0.07 0.11 0.02 0.04 0.02 0 0 0.01 0 0.02
 0.01 0.01 0 0.01 0.02 0 0.02 0.04 0.04 0.05 0.04 0.05 0.03 0.09 0.12 0.12 0.11 0.1 0.09 0.02 0.02 0 0 0 0.01
 0.02 0.02 0.03 0 0.02 0.01 0.01 0.01 0.01 0.02 0.02 0.08 0.07 0.08 0.09 0.05 0.06 0.08 0.13 0.07 0.06 0.04 0.02 0 0
 0.01 0.05 0.04 0.03 0.03 0.05 0.01 0 0.02 0.02 0.03 0.02 0.09 0.04 0.07 0.04 0.03 0.09 0.13 0.06 0.06 0.04 0 0.01 0.03
# srv1_p2
 1.12555 0.984268 3.26078 5.628 3.54579 4.46864 6.62435 9.42353 11.1617 9.45497 6.67549 4.31388 2.83419 1.53513 1.05573 0.362216 0.120252 0.127473 0 0.040084 0.043694 0.040084 0 0 0
 4.26821 2.0832 8.68445 15.5106 7.60754 5.61383 6.81174 7.18777 9.61257 7.67174 8.5593 6.61482 4.77325 6.19797 1.52468 1.40038 0.25964 0 0.056476 0.047007 0 0 0 0 0
 2.52395 16.0222 27.578 39.9727 31.0981 12.8259 10.1699 15.7494 17.0898 8.74423 8.41211 8.77156 5.20837 5.8422 2.49599 1.39615 0.266586 0 0.036386 0.055007 0 0 0 0 0
 6.94767 6.81922 3.26121 1.32673 5.3565 17.5985 36.666 49.4045 31.2262 15.8112 12.3167 7.39091 6.29681 5.72993 1.60187 1.19531 0.226771 0.068708 0 0 0 0 0 0 0
 7.51668 1.73599 5.37111 5.68471 5.54981 7.7871 7.8026 4.17577 9.93958 24.2091 33.9503 17.4526 8.31645 8.6619 3.05409 1.90861 0.664672 0.317449 0.13592 0 0 0 0 0 0
 1.72322 11.3844 18.4635 18.8005 11.6954 5.172 8.80703 9.71543 12.2839 12.2328 10.1552 17.8639 23.1173 23.5972 7.50655 2.31361 1.08978 0.37529 0.216412 0 0 0 0 0 0
 2.51089 5.48835 12.882 10.6052 8.88906 18.0284 34.3034 28.1494 15.13 13.0087 13.5453 11.8951 10.4761 21.7582 17.5486 3.96723 1.36392 0.275067 0 0.042953 0 0 0 0 0
 4.49157 16.2109 29.397 17.5387 7.55726 8.91488 16.5044 13.618 23.4636 30.2495 37.9477 22.4 14.264 17.0604 10.9795 4.62561 3.02235 1.28621 0.113942 0 0.121018 0.068639 0 0 0
 5.59717 20.3583 36.6183 23.5657 20.803 26.8851 34.0157 20.2645 18.4817 16.3527 25.9137 35.2267 32.4804 22.4206 11.2995 4.8271 4.72624 1.44093 0.391816 0.159027 0 0 0 0 0
 5.3324 10.6108 9.38208 5.25814 6.30033 18.1163 35.6324 44.3787 31.3825 32.1901 21.2775 16.28 16.0982 34.167 13.5228 7.15062 3.15381 1.03999 1.62637 0.803989 0 0.27395 0 0 0
 1.36684 3.44533 3.12187 3.59284 5.00308 13.447 24.1732 16.3364 22.0357 41.7379 42.3439 31.4561 20.1368 17.9426 11.3217 7.71756 2.73163 1.34119 0.062505 0 0.563222 0.129861 0.3035 0 0
 3.06022 5.52574 4.71043 1.88643 4.83534 6.66036 6.9462 9.86636 12.8995 17.1602 24.6764 37.1041 32.7716 29.4888 16.1227 9.19575 3.8174 1.29468 0.562602 0.094728 0.272982 0.052114 0 0 0
 2.53167 9.3599 8.40245 6.82122 8.81677 7.92777 7.74297 12.8127 11.5403 16.7937 21.0449 27.2051 34.4061 46.0615 21.5745 9.15894 5.71251 3.21503 0.919113 0.727128 0.030554 0.065776 0 0.152828 0
 3.63361 12.4306 10.9082 7.95927 6.62599 16.2957 14.8669 17.646 15.3446 17.9447 17.0658 20.0519 27.2195 43.8151 26.4293 14.5187 7.04259 4.28705 1.41405 0.940945 0.794085 0.059092 0 0.048319 0
 284473 3.42434e+006 6.02398e+006 3.53562e+006 7.08665e+006 1.06606e+007 7.05774e+006 8.11961e+006 1.38978e+007 1.93158e+007 1.68301e+007 1.51726e+007 1.38236e+007 2.39471e+007 2.86739e+007 1.22702e+007 6.17628e+006 3.5661e+006 2.59463e+006 503845 133271 33612 0 88555 0
 3.02427e+006 9.32016e+006 9.63709e+006 8.601e+006 8.66777e+006 5.38768e+006 7.43333e+006 5.12883e+006 7.10652e+006 9.1481e+006 1.05093e+007 9.98954e+006 1.4803e+007 2.13814e+007 1.77841e+007 9.71321e+006 4.19846e+006 1.70879e+006 1.78717e+006 78490 508969 644307 131619 0 0
 2.90238e+006 3.64552e+006 5.22716e+006 4.06402e+006 6.99264e+006 7.02826e+006 8.37694e+006 8.19281e+006 1.02229e+007 7.38098e+006 1.03738e+007 9.43134e+006 4.46993e+006 5.81998e+006 5.82008e+006 2.26237e+006 993776 484944 473713 143632 289627 28276 0 0 0
 5.89759e+006 1.19947e+007 7.96752e+006 6.016e+006 8.15084e+006 7.41277e+006 1.03188e+007 1.14103e+007 1.43254e+007 1.28082e+007 1.339e+007 1.09723e+007 1.03274e+007 1.17174e+007 7.53982e+006 5.23698e+006 2.53387e+006 1.81418e+006 638916 634750 186354 294297 45817 29218 0
 3.57251e+006 7.50596e+006 1.43176e+007 1.65424e+007 9.77378e+006 9.53697e+006 1.5316e+007 1.74525e+007 2.16711e+007 1.51319e+007 1.42122e+007 1.78256e+007 1.27157e+007 1.49182e+007 1.22239e+007 6.57106e+006 2.85061e+006 399605 477210 328432 69384 69384 63343 82670 0
 5.72861e+006 7.28838e+006 6.93236e+006 6.61612e+006 8.01497e+006 1.32337e+007 1.55591e+007 1.86894e+007 1.91412e+007 1.75943e+007 1.39767e+007 1.68795e+007 9.92725e+006 1.13345e+007 6.74804e+006 4.84853e+006 1.63103e+006 1.87371e+006 818671 1.17438e+006 221873 0 133699 0 0
 6.89207e+006 1.18546e+007 2.50557e+007 1.93195e+007 2.19915e+007 1.76672e+007 1.62927e+007 1.49613e+007 2.37561e+007 2.43649e+007 2.35985e+007 2.49477e+007 1.82406e+007 1.69288e+007 1.22055e+007 4.46584e+006 2.34085e+006 1.02701e+006 549894 215058 22784 251042 0 35570 0
 1.08662e+007 2.87119e+007 5.6407e+007 4.46922e+007 2.96365e+007 3.26507e+007 3.37947e+007 3.18143e+007 2.83443e+007 2.48424e+007 2.21475e+007 2.42217e+007 2.42985e+007 2.18169e+007 1.05338e+007 4.79397e+006 3.19734e+006 1.7641e+006 1.22217e+006 843198 282090 229824 134195 0 0
 6.9515e+006 2.3162e+007 4.56514e+007 3.69108e+007 2.63952e+007 3.74047e+007 3.64384e+007 3.77789e+007 3.64166e+007 3.65837e+007 4.06316e+007 3.29954e+007 2.65108e+007 3.13457e+007 1.58231e+007 4.78992e+006 1.67516e+006 1.13675e+006 570006 301394 105725 298684 0 0 0
 5.29025e+006 6.12226e+006 1.43079e+007 1.35218e+007 1.70406e+007 2.77107e+007 4.279e+007 5.53472e+007 4.13261e+007 3.53583e+007 3.31529e+007 3.22343e+007 3.1001e+007 2.75863e+007 1.44524e+007 6.5116e+006 1.78592e+006 257434 181402 81991 125252 0 0 0 0
 1.15388e+007 1.98758e+007 1.61728e+007 8.9914e+006 9.84275e+006 1.14379e+007 1.31217e+007 1.90811e+007 2.76594e+007 3.93888e+007 3.8039e+007 3.15225e+007 2.76147e+007 2.36637e+007 1.18076e+007 4.16818e+006 1.99629e+006 1.42083e+006 580689 0 92692.7 0 0 0 0
 7.23538e+006 1.37795e+007 1.88076e+007 1.58746e+007 2.17402e+007 1.49341e+007 1.69209e+007 1.81869e+007 2.98723e+007 3.2331e+007 4.32029e+007 4.20134e+007 3.70832e+007 2.96627e+007 9.079e+006 3.92167e+006 1.04732e+006 544238 236771 30066 0 370140 443333 147778 147778
 7.6935e+006 1.76662e+007 9.2748e+006 6.19161e+006 1.24358e+007 1.74607e+007 1.69867e+007 2.02338e+007 2.00796e+007 1.71911e+007 1.82025e+007 1.89789e+007 2.10451e+007 2.51515e+007 9.35447e+006 2.88434e+006 704735 1.22228e+006 196252 54045 204728 0 0 0 0
 9.83796e+006 2.09677e+007 1.18786e+007 6.63109e+006 1.36208e+007 1.53385e+007 9.47206e+006 1.73058e+007 2.27318e+007 2.25755e+007 2.73515e+007 1.68377e+007 2.1543e+007 3.08037e+007 1.81506e+007 6.18045e+006 1.07099e+006 621329 296589 216692 0 0 0 0 0
 1.19282e+007 1.4894e+007 8.86822e+006 1.0808e+007 1.82724e+007 1.95411e+007 1.55516e+007 1.93811e+007 1.90583e+007 1.97141e+007 3.06159e+007 2.19584e+007 1.99198e+007 2.26426e+007 1.20873e+007 4.96407e+006 1.20661e+006 682304 81016.5 54943.4 0 0 0 0 0
 1.44784e+007 1.38579e+007 1.15105e+007 1.3432e+007 2.0008e+007 1.98738e+007 2.51533e+007 2.75778e+007 2.40776e+007 2.39607e+007 1.82482e+007 2.08092e+007 1.65817e+007 1.90708e+007 1.25963e+007 6.69271e+006 2.75434e+006 895953 417270 143807 92973.4 0 0 190130 92489.2
 0.03 0.05 0.03 0.05 0.11 0.05 0.02 0.09 0.07 0.09 0.08 0.06 0.05 0.06 0.01 0.07 0.02 0.02 0.02 0.02 0 0 0 0 0
 0.01 0.03 0.06 0.04 0.07 0.07 0.07 0.1 0.08 0.02 0.08 0.06 0.08 0.05 0.06 0.08 0.02 0.01 0.01 0 0 0 0 0 0
 0.08 0.01 0.04 0.03 0.07 0.06 0.05 0.05 0.11 0.07 0.06 0.06 0.03 0.09 0.06 0.02 0.07 0.01 0.02 0 0.01 0 0 0 0
 0 0.02 0.03 0 0.06 0.06 0.02 0.06 0.07 0.07 0.04 0.08 0.11 0.13 0.09 0.04 0.06 0.02 0.02 0.01 0.01 0 0 0 0
 0.01 0.02 0.03 0.04 0.12 0.04 0.05 0.03 0.02 0.05 0.07 0.08 0.1 0.05 0.11 0.06 0.07 0.02 0.02 0 0.01 0 0 0 0
 0.09 0.01 0.02 0 0.03 0.03 0.06 0.09 0.02 0.06 0.02 0.06 0.12 0.12 0.09 0.04 0.07 0.03 0.01 0.03 0 0 0 0 0
 0 0.14 0.09 0.04 0.08 0.07 0.03 0.01 0.03 0.08 0.06 0.03 0.03 0.07 0.05 0.07 0.03 0.03 0.02 0.03 0.01 0 0 0 0
 0.05 0 0.05 0.11 0.3 0.1 0.05 0.02 0.05 0.02 0.02 0.01 0.01 0.03 0.05 0.04 0.02 0.05 0 0 0.02 0 0 0 0
 0.05 0.11 0.03 0.01 0 0.09 0.12 0.18 0.12 0.07 0.03 0.01 0.03 0.01 0.05 0.01 0.02 0.03 0.02 0 0 0.01 0 0 0
 0.01 0.15 0.07 0.09 0.12 0.06 0.04 0.02 0.05 0.14 0.08 0.05 0.03 0.01 0.02 0 0.02 0.02 0.02 0 0 0 0 0 0
 0.02 0.02 0 0.07 0.16 0.1 0.13 0.11 0.09 0.04 0.01 0.08 0.03 0.03 0.02 0.01 0.03 0.04 0.01 0 0 0 0 0 0
 0 0.03 0.01 0.01 0.02 0.07 0.11 0.21 0.19 0.09 0.1 0.03 0.02 0.01 0.06 0.02 0 0 0 0.01 0 0.01 0 0 0
 0.01 0.02 0.02 0.02 0.05 0.01 0.06 0.07 0.14 0.1 0.15 0.09 0.08 0.03 0.07 0.04 0.01 0.02 0.01 0 0 0 0 0 0
 0.01 0.04 0.03 0.01 0.04 0.07 0.04 0.08 0.07 0.06 0.11 0.12 0.1 0.06 0.06 0.05 0.02 0.02 0 0 0.01 0 0 0 0
 0 0 0.01 0.04 0.06 0.09 0.02 0.1 0.05 0.03 0.12 0.08 0.05 0.1 0.18 0.02 0.02 0.02 0 0.01 0 0 0 0 0
 0 0 0.01 0 0.05 0.03 0.1 0.09 0.02 0.04 0.03 0.07 0.06 0.08 0.15 0.12 0.05 0.06 0.03 0.01 0 0 0 0 0
 0.05 0 0.01 0.01 0.01 0.01 0.03 0.08 0.06 0.05 0.08 0.08 0.1 0.07 0.05 0.11 0.09 0.06 0.03 0 0 0.01 0.01 0 0
 0.05 0.15 0.08 0 0.02 0.02 0.04 0.02 0.02 0.04 0.07 0.1 0.04 0.11 0.09 0.05 0.03 0.03 0.03 0 0.01 0 0 0 0
 0.03 0.09 0.01 0.06 0.12 0.19 0.05 0 0.02 0.02 0.01 0.06 0.04 0.03 0.11 0.04 0.04 0.03 0.02 0.03 0 0 0 0 0
 0 0.06 0.01 0.05 0.15 0.14 0.12 0.11 0.05 0.01 0.03 0.03 0 0 0.04 0.02 0.03 0.06 0.06 0 0.02 0.01 0 0 0
 0.01 0.05 0.03 0.05 0.13 0.09 0.11 0.14 0.08 0.08 0.03 0.03 0.03 0.02 0.01 0.04 0.03 0.01 0 0.01 0.01 0.01 0 0 0
 0.01 0.16 0.07 0.01 0.1 0.06 0.05 0.1 0.07 0.09 0.07 0.05 0.06 0.01 0.02 0.03 0.01 0.01 0 0.01 0 0.01 0 0 0
 0.01 0.04 0.03 0.09 0.16 0.16 0.04 0.05 0.02 0.08 0.05 0.03 0.04 0.05 0.06 0.03 0.01 0.01 0.02 0.01 0.01 0 0 0 0
 0.01 0.03 0 0.06 0.06 0.1 0.09 0.14 0.11 0.14 0.05 0.06 0.04 0.07 0.01 0.01 0.01 0 0.01 0 0 0 0 0 0
 0.03 0.04 0.04 0.01 0.06 0.12 0.05 0.07 0.08 0.17 0.08 0.03 0.05 0.04 0.05 0.01 0.03 0.02 0 0 0.01 0 0.01 0 0
 0.01 0.05 0.08 0 0.04 0.09 0.04 0.06 0.06 0.1 0.12 0.08 0.08 0.05 0.04 0.03 0.03 0.03 0 0 0.01 0 0 0 0
 0.01 0.03 0.02 0.03 0.19 0.11 0.06 0.07 0.08 0.01 0.06 0.05 0.1 0.05 0.06 0.02 0.02 0 0.02 0 0 0.01 0 0 0
 0.02 0.01 0.01 0.02 0.02 0.09 0.11 0.22 0.11 0.04 0.04 0.02 0.03 0.07 0.09 0.04 0.01 0.03 0.01 0.01 0 0 0 0 0
 0.18 0.07 0.02 0.04 0.07 0.05 0.04 0.04 0.09 0.07 0.11 0.06 0.03 0.05 0.02 0.02 0.02 0.01 0 0.01 0 0 0 0 0
 0.01 0.25 0.13 0.07 0.07 0.06 0.03 0.07 0.03 0.02 0.06 0.04 0.04 0.05 0.01 0.01 0.02 0.03 0 0 0 0 0 0 0
 0.01 0.01 0.02 0.16 0.31 0.17 0.09 0.02 0.08 0.02 0.03 0 0.02 0.01 0.02 0.01 0.01 0 0 0.01 0 0 0 0 0
 0 0.03 0.03 0.02 0.02 0.1 0.18 0.26 0.11 0.14 0.02 0.02 0.02 0 0 0.01 0.04 0 0 0 0 0 0 0 0
 0.01 0.06 0.01 0 0.04 0.02 0.02 0.05 0.16 0.13 0.17 0.15 0.05 0.09 0 0.02 0 0.01 0.01 0 0 0 0 0 0
 0 0.07 0.02 0.03 0.08 0.11 0.03 0.01 0.03 0.08 0.15 0.16 0.11 0.07 0.02 0.02 0.01 0 0 0 0 0 0 0 0
 0 0 0.01 0.05 0.08 0.06 0.05 0.07 0.08 0.05 0.03 0.07 0.11 0.11 0.15 0.05 0.01 0 0.02 0 0 0 0 0 0
 0.04 0.03 0.01 0.01 0.03 0.03 0.08 0.07 0.07 0.07 0.09 0.07 0.03 0.08 0.16 0.09 0.02 0.02 0 0 0 0 0 0 0
 0.03 0.13 0.05 0.02 0.01 0.03 0.02 0.01 0.07 0.11 0.13 0.06 0.03 0.05 0.09 0.07 0.05 0.03 0.01 0 0 0 0 0 0
 0.06 0.07 0.03 0.07 0.11 0.11 0.03 0.01 0.03 0.03 0 0.09 0.09 0.04 0.05 0.08 0.08 0.01 0.01 0 0 0 0 0 0
# obs_p_srv2_length
 0 0 0 0 0 0.011484 0.011485 0.083654 0.389975 0.872218 1.28854 1.61197 1.30242 1.49229 1.61199 1.68455 1.24758 1.02408 0.991506 1.30619 0.800123 0.278046 0.166093 0.075298 0.045123
 0 0 0 0.000769 0.002123 0.002191 0.01513 0.030745 0.060754 0.158791 0.285661 0.611906 1.45246 2.92942 2.35211 1.66471 1.54533 1.20783 0.920279 0.618654 0.624136 0.509867 0.185767 0.039181 0.024468
 0.007132 0 0 0.000488 0 0 0.002103 0.002592 0.034461 0.185888 0.762682 2.2749 2.66827 4.47311 6.49271 7.948 10.9926 6.5045 3.422 2.80423 1.51843 1.03068 0.470364 0.125749 0.088944
 0 0 0 0 0.006826 0 0 0.006826 0 0.021415 0.042447 0.10652 0.12049 0.534668 0.726561 0.810515 1.80124 1.86515 2.12151 1.91496 1.70361 0.860138 0.369723 0.170534 0.047303
 0 0 0 0 0 0 0 0.007175 0 0.011867 0.068272 0.122278 0.316428 0.430016 0.859011 1.47523 2.21196 1.49925 1.05574 1.13765 1.14748 1.27404 0.660799 0.252207 0.025919
 0 0 0 0 0 28591 18106 97835 204091 277728 517729 755339 941954 2.25176e+006 3.76757e+006 5.02874e+006 5.3384e+006 3.20267e+006 2.7305e+006 2.29966e+006 1.62758e+006 1.2174e+006 990442 1.09897e+006 351896
 0 13225 0 3104 37333 91872 150472 117743 350179 598277 1.40623e+006 1.75061e+006 2.7824e+006 5.98651e+006 6.59928e+006 5.32019e+006 4.52921e+006 4.24634e+006 3.04113e+006 1.79867e+006 1.22034e+006 1.09116e+006 461698 373542 89382
 0 0 0 0 28137.5 3680.73 44300.3 40819.3 77349.9 344425 848568 2.20431e+006 4.71169e+006 7.67847e+006 8.81828e+006 1.08481e+007 7.53897e+006 4.72343e+006 3.27852e+006 2.33435e+006 1.68436e+006 1.11117e+006 745667 783662 210843
 0 4191.85 0 0 5448.63 16679.5 22051.3 59410.2 272824 350541 545014 1.10539e+006 1.94869e+006 4.69082e+006 7.63329e+006 9.53812e+006 8.99114e+006 7.44943e+006 3.51991e+006 2.48011e+006 1.26471e+006 661096 490388 382414 95240.1
 0 0 0 7887.88 5189.1 47120.4 44753.3 99836.1 203219 644051 956744 1.69301e+006 3.07333e+006 6.03035e+006 6.30268e+006 6.73146e+006 6.81748e+006 7.90709e+006 6.27612e+006 4.62743e+006 2.4091e+006 699931 300550 216876 75703.1
 0 0 0 0 0 0.005742 0.056146 0.243673 0.843265 1.52375 1.7496 1.41459 0.886222 1.03726 0.976563 0.82673 0.342298 0.080198 0.08205 0.047682 0.008138 0.013833 0.0083 0.011067 0
 0 0 0 0 0 0.007087 0.018738 0.060122 0.141014 0.242636 0.72457 1.49049 2.20801 2.57495 1.09383 0.561175 0.345033 0.190597 0.082989 0.036127 0.058829 0.042214 0.015102 0.010683 0.000775
 0 0 0 0 0.000488 0 0 0.028247 0.359659 0.495302 1.53819 2.38375 2.08939 3.40967 2.32271 1.61674 1.27159 0.499327 0.133189 0.033141 0.039034 0.0233 0.002027 0 0
 0 0 0.006826 0 0.013652 0 0 0.006826 0.006826 0.016193 0.099328 0.112407 0.131312 0.567366 1.22891 1.27166 0.683911 0.35843 0.131793 0.108918 0.168227 0.037264 0.034879 0.010658 0
 0 0 0 0 0 0 0 0 0.029516 0.059927 0.209474 0.350261 0.322053 0.561884 0.819484 1.1665 1.18098 0.690186 0.23027 0.049424 0.118463 0.023196 0.043985 0.006758 0
 0 0 0 0 17419 5586 29301 12392 59055 194047 270132 696823 1.14614e+006 2.98751e+006 2.72995e+006 1.53277e+006 1.42363e+006 1.1943e+006 841027 397125 113687 44778 6109 5944 0
 0 0 0 5343 18324 17935 44615 69842 209446 401354 691454 1.08582e+006 2.01559e+006 3.04767e+006 2.1864e+006 1.02691e+006 209460 52519 23846 15667 0 0 7259 0 0
 0 0 0 0 0 10802 0 130261 129189 265331 1.25202e+006 2.1125e+006 2.571e+006 3.27211e+006 2.3609e+006 692515 320262 95213 16063.2 20327.8 8060.16 4010.91 3787.7 0 0
 0 0 0 0 0 0 23839.1 10200.3 194229 208609 601089 1.00978e+006 2.08625e+006 6.81792e+006 5.77964e+006 1.96414e+006 502322 83757.8 7899.96 0 4033.12 2559.65 0 0 0
 0 0 0 5189.1 0 5100.81 44881.9 47381.7 138104 221051 436845 1.42306e+006 2.24426e+006 3.42318e+006 2.47782e+006 1.25094e+006 241756 64446.6 18263 0 0 4259.95 0 0 0
# obs_p_srv3_length
 0 0 0 0 0 0 0 14592 0 0 37526 89166 97508 358756 909480 762900 825929 688327 292523 149148 74574 0 0 0 0
 0 0 0 17401 91963 151527 253920 282051 403565 635856 1.18343e+006 1.18852e+006 856314 966397 799385 648738 583873 508883 549951 468400 375315 419037 273119 548204 435777
 8695 120297 35303 66341 391791 839052 856527 1.12568e+006 1.24432e+006 1.74752e+006 1.3423e+006 1.63419e+006 1.94885e+006 2.67848e+006 2.76385e+006 3.50843e+006 3.44809e+006 2.69659e+006 3.52293e+006 1.86128e+006 2.01162e+006 1.56736e+006 1.63316e+006 1.12806e+006 941330
 20132 309645 634259 699793 1.14028e+006 724635 765138 1.13026e+006 1.23278e+006 1.26501e+006 1.3309e+006 1.47685e+006 1.60185e+006 1.93445e+006 1.47754e+006 1.25894e+006 1.35236e+006 600754 380917 340445 264040 299474 157827 115829 43599
 40653 380661 781689 1.09088e+006 1.22972e+006 1.39632e+006 1.37852e+006 1.52449e+006 1.74852e+006 1.96726e+006 2.28528e+006 2.30004e+006 2.3846e+006 4.0681e+006 3.8904e+006 4.40433e+006 3.14714e+006 2.77711e+006 2.37138e+006 2.31914e+006 1.38422e+006 839581 635098 848688 147532
 178893 743971 1.67139e+006 1.89752e+006 1.93747e+006 1.74723e+006 2.31509e+006 3.22901e+006 3.82519e+006 3.07976e+006 2.96007e+006 2.45534e+006 2.48631e+006 3.74526e+006 4.25895e+006 4.08661e+006 3.37585e+006 3.4157e+006 3.19308e+006 2.23069e+006 2.02288e+006 1.30725e+006 1.14826e+006 1.18069e+006 469419
 105206 766602 2.83172e+006 2.26131e+006 2.27994e+006 2.81864e+006 4.13633e+006 5.19508e+006 3.60152e+006 3.24455e+006 2.64581e+006 2.42956e+006 3.11539e+006 4.39178e+006 3.80073e+006 2.65189e+006 1.97886e+006 2.21751e+006 2.85763e+006 2.03435e+006 1.38307e+006 1.21188e+006 832925 1.46171e+006 645313
 101009 593696 1.53328e+006 1.68576e+006 3.07974e+006 4.66357e+006 4.56822e+006 4.18894e+006 4.11858e+006 5.28326e+006 4.82104e+006 3.99924e+006 4.00357e+006 5.2031e+006 4.26724e+006 3.7189e+006 3.32394e+006 3.1227e+006 3.37728e+006 3.21422e+006 2.18468e+006 1.80447e+006 1.21619e+006 1.64082e+006 1.18753e+006
 105458 221153 880913 1.06691e+006 1.35897e+006 2.02683e+006 2.09437e+006 2.91847e+006 2.93794e+006 3.57761e+006 3.24917e+006 3.86506e+006 4.71512e+006 6.82052e+006 6.00964e+006 4.78135e+006 3.92049e+006 3.54261e+006 3.49725e+006 3.48062e+006 2.51284e+006 1.82715e+006 1.15219e+006 1.51188e+006 1.17732e+006
 85221 150370 1.29673e+006 1.76608e+006 908801 1.67169e+006 2.3842e+006 1.7973e+006 1.8782e+006 2.23413e+006 2.58156e+006 2.97442e+006 4.27042e+006 5.9085e+006 7.30082e+006 8.94892e+006 1.24469e+007 8.95862e+006 9.66752e+006 8.97496e+006 8.77598e+006 6.10902e+006 3.20526e+006 2.89799e+006 1.21868e+006
 12371 267827 1.00385e+006 821356 1.56687e+006 1.87312e+006 2.40954e+006 2.6931e+006 2.95552e+006 2.79754e+006 3.36521e+006 3.33568e+006 3.02255e+006 3.90783e+006 2.81408e+006 2.15551e+006 3.3545e+006 3.9526e+006 2.84363e+006 1.94473e+006 1.763e+006 1.29628e+006 1.07807e+006 1.25388e+006 775434
 37245 322166 752137 636097 953299 815843 1.59202e+006 2.05943e+006 2.04593e+006 2.3973e+006 2.99218e+006 3.0234e+006 2.3348e+006 3.63784e+006 2.16331e+006 2.11213e+006 1.76509e+006 2.02723e+006 1.79842e+006 1.68433e+006 1.14326e+006 1.05887e+006 1.06866e+006 1.37078e+006 973484
 0 0 0 0 0 0 0 0 14592 43777 14592 132943 132942 207516 243431 235087 43776 22934 43776 0 0 0 0 0 0
 0 0 7850 9551 115131 142961 215036 145506 335036 404195 631414 492940 464961 622510 604942 715533 554819 474360 770478 838430 339381 23238 15402 8901 4213
 103358 67997 44116 244142 574841 887494 1.64614e+006 1.80378e+006 2.01984e+006 1.95204e+006 1.83086e+006 1.47879e+006 1.6908e+006 4.38508e+006 5.98898e+006 9.47177e+006 6.2707e+006 7.24051e+006 2.88456e+006 2.19835e+006 804378 194236 11138 34362 19211
 108702 252715 418694 598594 546253 480937 1.03327e+006 952516 1.48127e+006 1.79179e+006 1.90724e+006 1.5003e+006 1.26755e+006 1.36783e+006 982187 417198 236498 69318 29276 2346 4693 0 0 0 4693
 97266 435372 843688 940404 851098 928688 789893 1.26142e+006 1.9243e+006 2.02283e+006 2.19428e+006 2.77798e+006 2.48863e+006 4.5256e+006 3.99881e+006 2.43496e+006 977197 340232 75815 21129 6581 0 0 2956 0
 223823 986857 1.51574e+006 1.69732e+006 1.20328e+006 1.95566e+006 2.78074e+006 2.31837e+006 2.36902e+006 2.66672e+006 1.96305e+006 1.87423e+006 2.0053e+006 3.62509e+006 4.47056e+006 3.78096e+006 1.70618e+006 649412 218906 38359 14760 9023 7053 0 0
 210010 653494 2.53084e+006 1.79013e+006 1.52474e+006 2.73247e+006 3.79847e+006 4.0101e+006 4.3391e+006 3.2251e+006 3.23701e+006 3.29193e+006 3.21762e+006 2.81876e+006 2.61225e+006 3.04772e+006 1.35046e+006 495153 223293 128892 36494 7152 19290 13791 19290
 91431 888996 1.11211e+006 1.10129e+006 1.52612e+006 3.14162e+006 2.66129e+006 2.57006e+006 3.78483e+006 2.82097e+006 2.26156e+006 2.85813e+006 2.62323e+006 2.97966e+006 4.07988e+006 3.15653e+006 2.49068e+006 1.05236e+006 482083 167270 69981 37560 31265 16633 0
 56085 342903 1.14232e+006 730163 975775 1.50976e+006 1.54469e+006 1.95768e+006 1.97071e+006 2.11208e+006 1.73534e+006 2.18784e+006 2.41447e+006 3.96663e+006 4.00094e+006 2.97336e+006 2.3236e+006 1.2551e+006 676383 273454 154195 73530 0 0 0
 10686 901576 1.51705e+006 748281 1.03809e+006 1.19366e+006 1.43527e+006 1.38417e+006 1.15294e+006 1.26445e+006 1.84978e+006 1.85681e+006 1.7683e+006 6.26792e+006 8.24773e+006 5.79636e+006 2.54753e+006 1.50909e+006 685923 223208 141861 34887 0 11473 0
 57267 192073 1.16228e+006 1.18367e+006 1.23709e+006 1.65995e+006 2.71957e+006 3.24574e+006 4.07877e+006 4.65429e+006 4.51392e+006 4.48697e+006 3.45822e+006 6.44314e+006 5.7776e+006 3.26037e+006 1.40304e+006 622233 467989 394530 183867 110577 2152 0 0
 161120 453451 741940 841028 1.06117e+006 1.53999e+006 1.7385e+006 3.4539e+006 3.49394e+006 2.68836e+006 3.38794e+006 4.1405e+006 2.61927e+006 3.0011e+006 3.79314e+006 2.56973e+006 1.04023e+006 676044 422007 301679 126154 56412 3862 0 0
# fish_p1
 0 0 5 10 16 18 56 239 237 158 131 208 334 983 1262 1195 626 305 205 211 186 117 65 117 84
 0 1 0 0 0 1 1 3 34 55 122 205 179 152 242 520 495 377 258 152 123 135 98 141 116
 3 1 1 2 3 18 50 145 291 250 200 226 295 547 637 400 427 616 530 302 127 60 34 41 40
 0 0 0 0 0 0 1 10 13 24 55 99 145 338 468 519 641 498 357 359 261 128 79 145 103
 0 0 0 0 1 0 3 5 7 26 66 234 670 2030 1974 1628 1467 1228 1302 1158 1487 1481 1018 1591 708
 0 0 0 0 3 4 6 15 5 24 36 103 219 905 2787 3877 2676 1866 1578 987 480 317 209 272 226
 0 0 1 0 3 14 37 47 51 74 138 263 419 1615 2944 2658 2391 1540 821 506 277 101 58 56 43
 0 0 0 3 12 32 55 112 115 151 286 581 773 1531 2122 2983 3752 2560 1489 836 394 203 55 15 8
 0 0 2 18 38 55 72 71 214 363 299 263 340 1021 1327 1252 1345 1383 1209 606 284 116 40 11 1
 0 0 0 0 2 0 14 41 27 40 87 134 262 763 1324 3115 3679 2481 2429 2651 1897 658 196 52 4
 0 0 9 25 50 36 37 38 39 60 35 16 5 3 2 0 0 0 0 0 0 0 0 0 0
 0 0 0 0 0 0 0 1 0 2 4 2 6 17 48 87 122 98 118 164 148 114 69 37 29
 0 0 0 0 0 0 0 0 1 2 1 0 1 7 42 80 235 185 94 43 23 21 5 2 0
 0 0 0 0 1 0 0 5 1 17 14 22 34 61 61 83 117 148 117 60 47 35 19 27 9
 0 1 1 1 2 6 5 5 10 13 48 50 53 131 218 228 206 188 179 122 86 37 28 41 9
 0 1 1 0 1 3 5 7 9 17 9 26 44 67 101 138 195 168 143 98 78 57 41 35 14
 0 1 1 7 3 5 17 21 62 76 107 111 134 214 202 207 216 213 179 135 115 95 54 56 10
 0 0 1 3 8 16 38 65 69 76 97 141 167 327 348 262 264 275 269 204 138 87 44 59 15
 0 0 0 4 1 8 13 21 39 68 73 73 88 206 224 193 152 103 92 66 51 33 28 28 24
 3 6 3 4 20 36 62 98 139 239 385 394 167 43 4 0 0 0 0 0 0 0 0 0 0
 0 0 0 0 0 0 5 2 11 15 19 21 27 40 53 43 32 16 17 13 21 13 11 10 0
 0 0 0 2 1 3 4 2 8 16 16 19 22 57 58 67 78 51 33 20 27 18 17 15 0
 0 0 0 1 6 7 15 36 45 98 173 282 136 353 309 404 347 266 199 177 129 153 108 218 220
 0 0 0 1 2 7 17 22 33 75 89 103 126 245 279 362 465 542 448 235 148 83 57 45 18
 1 0 0 2 2 2 9 17 17 32 35 37 47 115 113 127 124 143 97 37 19 14 3 6 5
 0 0 0 0 0 0.015 0.01 0.005 0.015 0.025 0.015 0.02 0.04 0.06 0.065 0.155 0.085 0.09 0.07 0.075 0.065 0.03 0.02 0.05 0.09
 0 0 0 0.005 0 0.01 0.005 0.015 0.02 0.005 0.015 0.045 0.025 0.065 0.11 0.11 0.09 0.085 0.095 0.035 0.015 0.055 0.055 0.055 0.085
 0 0 0 0 0.005 0.005 0.005 0.02 0.005 0.025 0.03 0.03 0.06 0.065 0.09 0.11 0.09 0.09 0.075 0.065 0.025 0.06 0.035 0.065 0.045
 0 0 0 0 0.005 0 0.01 0.005 0.005 0.005 0.02 0.045 0.025 0.07 0.085 0.105 0.11 0.07 0.06 0.095 0.09 0.03 0.05 0.035 0.08
 0 0 0 0 0.005 0 0 0.005 0.005 0.01 0.005 0.025 0.025 0.065 0.095 0.08 0.145 0.065 0.12 0.09 0.035 0.045 0.045 0.045 0.09
 0 0.005 0 0 0 0.005 0.005 0 0.005 0.005 0.01 0.015 0.02 0.045 0.14 0.08 0.11 0.11 0.1 0.095 0.05 0.05 0.035 0.045 0.07
 0 0 0 0 0 0 0 0 0.01 0 0.015 0.015 0.03 0.04 0.05 0.11 0.11 0.105 0.085 0.075 0.07 0.07 0.07 0.04 0.105
 0.005 0 0 0 0.02 0.01 0.01 0.005 0 0.005 0.005 0.005 0.025 0.025 0.07 0.075 0.075 0.055 0.12 0.115 0.085 0.055 0.055 0.07 0.11
 0 0.005 0.005 0 0 0.01 0.04 0.04 0.035 0.04 0.01 0.015 0.025 0.045 0.065 0.08 0.075 0.08 0.05 0.075 0.055 0.06 0.045 0.07 0.075
 0 0 0 0 0.005 0.01 0.005 0 0.005 0.025 0.02 0.055 0.035 0.02 0.055 0.06 0.065 0.06 0.065 0.06 0.12 0.06 0.065 0.075 0.135
 0.005 0 0 0 0.005 0.005 0.02 0.025 0.045 0.005 0.025 0.025 0.095 0.1 0.1 0.065 0.065 0.05 0.015 0.025 0.065 0.06 0.06 0.055 0.085
 0 0 0 0 0.005 0.01 0.035 0.01 0.04 0.04 0.045 0.015 0.035 0.08 0.12 0.14 0.09 0.03 0.055 0.03 0.035 0.02 0.02 0.05 0.095
 0 0 0 0 0 0 0.01 0.01 0.03 0.055 0.05 0.05 0.055 0.085 0.1 0.06 0.12 0.055 0.05 0.025 0.03 0.025 0.03 0.065 0.095
 0 0 0 0 0 0 0.005 0 0.015 0.02 0.025 0.06 0.075 0.13 0.18 0.095 0.06 0.075 0.06 0.03 0.02 0.025 0.03 0.015 0.08
 0 0 0 0 0 0 0 0 0 0.02 0.025 0.005 0.045 0.105 0.15 0.16 0.12 0.085 0.07 0.055 0.03 0.03 0.02 0.025 0.055
 0 0 0 0 0 0 0 0.005 0.005 0.005 0.01 0.015 0.025 0.04 0.105 0.11 0.155 0.165 0.115 0.095 0.025 0.02 0.025 0.015 0.065
 0.005 0 0 0 0 0 0 0.015 0.005 0.01 0.015 0.04 0.03 0.045 0.06 0.08 0.12 0.125 0.12 0.095 0.06 0.055 0.03 0.035 0.055
 0 0.005 0 0 0.005 0.005 0 0.005 0.005 0 0.01 0.015 0.04 0.025 0.075 0.09 0.09 0.095 0.095 0.1 0.07 0.075 0.04 0.04 0.115
 0 0 0 0 0 0 0.005 0 0 0 0.01 0.02 0.015 0.06 0.08 0.055 0.075 0.06 0.085 0.16 0.145 0.075 0.055 0.035 0.065
 0 0 0 0.005 0.01 0 0.01 0.025 0.015 0.005 0.02 0.005 0.03 0.025 0.05 0.05 0.065 0.075 0.07 0.09 0.05 0.12 0.065 0.1 0.115
 0 0 0 0 0.005 0.015 0.015 0.02 0.03 0.025 0.03 0.035 0.03 0.04 0.025 0.04 0.055 0.075 0.065 0.07 0.09 0.06 0.095 0.06 0.12
 0 0.005 0 0 0.005 0.015 0.01 0.015 0.015 0.06 0.025 0.05 0.065 0.04 0.045 0.04 0.035 0.075 0.06 0.06 0.065 0.07 0.05 0.08 0.115
 0 0 0 0 0.005 0.005 0 0.015 0.03 0.035 0.045 0.06 0.035 0.1 0.145 0.085 0.055 0.04 0.02 0.035 0.045 0.03 0.06 0.045 0.11
 0 0 0 0.005 0.005 0 0.025 0.04 0.02 0.035 0.03 0.025 0.045 0.095 0.135 0.175 0.09 0.05 0.03 0.005 0.02 0.005 0.025 0.065 0.075
 0.005 0 0 0 0.01 0.005 0.01 0.02 0.025 0.035 0.04 0.065 0.05 0.07 0.125 0.12 0.125 0.07 0.025 0.04 0.03 0.015 0.035 0.035 0.045
 0 0 0 0 0 0.01 0.005 0.005 0.005 0.02 0.025 0.07 0.105 0.125 0.115 0.085 0.09 0.085 0.065 0.04 0.03 0.025 0.015 0.03 0.05
 0 0 0 0 0.01 0.005 0.005 0.01 0.005 0.015 0.035 0.025 0.045 0.12 0.155 0.13 0.15 0.055 0.065 0.025 0.06 0.01 0.01 0.015 0.05
 0 0 0 0 0.005 0.005 0.01 0.02 0.045 0.02 0.05 0.04 0.035 0.08 0.11 0.125 0.15 0.1 0.045 0.04 0.04 0.025 0.015 0.015 0.025
 0 0.01 0 0 0.01 0.005 0 0 0.02 0.02 0.035 0.035 0.055 0.09 0.09 0.15 0.11 0.135 0.06 0.035 0.03 0.015 0.02 0.01 0.065
 0 0.015 0.02 0.005 0.005 0.005 0.015 0.02 0.02 0.025 0.035 0.025 0.07 0.08 0.105 0.105 0.075 0.07 0.08 0.09 0.045 0.02 0.01 0.02 0.04
 0 0 0.005 0.005 0.025 0.06 0.035 0.015 0.025 0.04 0.035 0.03 0.05 0.1 0.125 0.105 0.05 0.07 0.05 0.045 0.04 0.02 0.03 0.005 0.035
 0 0 0 0 0 0.015 0.045 0.075 0.11 0.085 0.055 0.045 0.05 0.045 0.07 0.105 0.09 0.07 0.025 0.03 0.03 0.015 0.015 0.02 0.005
 0 0 0.01 0 0.005 0.005 0.005 0.03 0.03 0.045 0.135 0.14 0.095 0.035 0.08 0.11 0.085 0.01 0.06 0.005 0.005 0.035 0.025 0.03 0.02
 0 0 0 0.005 0 0.01 0 0.005 0.005 0.03 0.035 0.055 0.115 0.215 0.2 0.075 0.07 0.03 0.045 0.03 0.035 0.01 0 0.01 0.02
 0 0 0 0 0 0.005 0.01 0.005 0.025 0.01 0.02 0.035 0.065 0.095 0.32 0.2 0.1 0.035 0.01 0.025 0.025 0.005 0.01 0 0
 0 0 0 0 0 0 0.005 0.01 0.01 0.015 0.025 0.03 0.035 0.04 0.085 0.19 0.195 0.145 0.08 0.055 0.03 0.015 0.025 0.01 0
 0.005 0 0.005 0 0.005 0 0.005 0.01 0.02 0.03 0.02 0.02 0.055 0.08 0.085 0.11 0.135 0.17 0.085 0.09 0.02 0 0.005 0.01 0.035
 0 0 0 0 0.005 0.01 0.005 0 0.015 0.015 0.01 0.015 0.04 0.085 0.11 0.125 0.14 0.105 0.075 0.095 0.065 0.055 0.015 0.01 0.005
# fish_p2
 0 2 2 9 30 18 75 288 261 150 148 203 361 772 899 716 288 228 142 50 8 1 4 1 2
 0 0 0 0 0 0 0 4 24 45 174 199 153 181 414 610 442 273 318 149 57 37 26 38 11
 1 0 0 4 5 21 87 218 277 245 230 347 435 897 600 591 456 157 68 41 12 3 2 1 1
 0 0 0 4 0 1 3 11 33 80 101 182 211 367 477 680 496 215 345 258 69 11 1 2 0
 0 0 0 0 0 2 9 5 19 48 212 733 1353 2283 1929 1881 1698 1724 3144 2843 543 167 71 29 7
 0 0 1 3 4 13 5 21 23 37 103 154 467 2464 4127 2927 1633 888 1191 867 225 90 76 37 4
 9 9 20 14 29 75 93 86 52 70 155 222 420 1111 1743 2276 1279 564 394 323 129 32 14 11 2
 0 1 2 2 9 33 78 130 78 87 212 336 479 925 1196 1557 1583 698 166 83 50 32 7 5 0
 0 0 2 10 26 20 28 73 142 166 144 197 391 611 566 660 600 282 88 27 20 8 4 3 1
 0 0 0 0 0 3 8 23 16 21 59 116 150 490 1016 1033 723 273 126 98 45 6 4 0 0
 0 0 15 29 49 47 72 70 117 55 17 5 1 0 0 0 0 0 1 0 0 0 0 0 0
 0 0 0 0 0 0 0 2 0 0 0 2 4 41 158 289 431 261 141 116 72 40 10 15 4
 0 0 0 0 0 0 0 1 3 0 6 3 5 33 41 49 98 199 94 37 11 12 3 0 0
 0 0 0 0 2 0 9 10 16 19 14 21 34 59 84 69 60 50 36 20 9 8 5 6 2
 1 0 0 1 5 8 13 6 16 24 31 56 77 173 191 154 107 118 104 73 56 38 32 27 4
 1 0 1 0 2 1 8 13 31 29 43 66 82 153 190 177 154 88 53 20 14 3 7 8 2
 1 1 0 2 3 6 16 14 44 70 70 90 106 184 177 155 122 88 66 34 25 20 10 14 5
 0 0 1 1 6 15 23 45 45 49 88 125 138 233 219 143 82 49 33 23 18 14 8 14 2
 0 0 3 1 5 6 27 47 68 81 72 78 95 176 97 67 42 26 15 16 12 6 5 1 1
 1 2 7 15 22 57 185 515 442 142 51 31 7 3 1 0 0 0 0 0 0 0 0 0 0
 0 0 0 0 0 1 2 4 9 6 13 21 14 27 25 20 18 5 4 3 4 4 1 0 0
 0 0 0 1 1 5 8 10 9 17 16 24 38 79 57 45 24 14 12 11 4 2 3 3 0
 0 0 0 4 0 15 27 47 79 166 142 215 273 363 286 315 222 173 132 113 134 129 81 198 113
 0 0 1 2 6 19 15 28 31 71 88 88 119 230 250 200 116 78 63 30 19 10 2 0 1
 0 0 0 2 8 4 8 23 23 36 50 56 77 197 151 98 38 26 14 3 1 3 0 2 0
 0 0.005 0 0 0.015 0.015 0.04 0.03 0.04 0.03 0.06 0.05 0.1 0.14 0.155 0.105 0.08 0.065 0.03 0.015 0.015 0.005 0 0.005 0
 0 0 0 0.015 0.01 0.02 0.015 0.005 0.015 0.045 0.04 0.095 0.11 0.135 0.18 0.115 0.085 0.055 0.025 0.005 0.005 0.02 0 0.005 0
 0.005 0 0 0 0.01 0.02 0.035 0.015 0.05 0.05 0.055 0.05 0.1 0.165 0.13 0.12 0.09 0.065 0.01 0.02 0.005 0 0.005 0 0
 0 0.005 0 0.005 0 0.015 0.005 0.01 0.045 0.03 0.07 0.095 0.1 0.14 0.15 0.1 0.085 0.075 0.035 0.02 0.005 0.005 0.005 0 0
 0 0 0 0.005 0 0 0 0.02 0.035 0.05 0.06 0.085 0.115 0.125 0.17 0.105 0.09 0.055 0.035 0.01 0.03 0.005 0.005 0 0
 0.01 0 0 0 0.005 0.005 0.02 0.015 0.01 0.04 0.03 0.075 0.11 0.115 0.15 0.12 0.075 0.07 0.06 0.07 0.015 0.005 0 0 0
 0.005 0.01 0 0 0.005 0.005 0.005 0.025 0.015 0.025 0.06 0.04 0.09 0.11 0.2 0.105 0.085 0.11 0.055 0.03 0.01 0.01 0 0 0
 0.01 0 0 0.01 0.05 0.03 0.025 0.025 0.005 0.025 0.06 0.045 0.055 0.115 0.125 0.155 0.085 0.1 0.045 0.005 0.015 0.01 0 0.005 0
 0 0.01 0.01 0 0.01 0.035 0.065 0.11 0.085 0.03 0.005 0.055 0.09 0.105 0.09 0.07 0.075 0.065 0.03 0.025 0.015 0.015 0.005 0 0
 0 0.01 0.015 0.005 0.04 0.015 0.015 0.015 0.065 0.115 0.085 0.09 0.06 0.075 0.105 0.08 0.04 0.05 0.035 0.045 0.025 0.01 0.005 0 0
 0 0 0 0.01 0.025 0.055 0.05 0.06 0.03 0.045 0.09 0.14 0.125 0.12 0.055 0.055 0.045 0.03 0.035 0.01 0.005 0.015 0 0 0
 0 0 0.005 0.005 0.005 0.01 0.045 0.105 0.04 0.075 0.085 0.11 0.095 0.16 0.1 0.065 0.015 0.035 0.005 0.025 0.01 0 0 0.005 0
 0 0 0 0 0.01 0.015 0.01 0.055 0.085 0.095 0.06 0.115 0.08 0.1 0.145 0.105 0.055 0.02 0.015 0.005 0.01 0.015 0.005 0 0
 0 0 0 0 0 0.005 0.015 0.015 0.035 0.05 0.115 0.13 0.115 0.175 0.16 0.105 0.03 0.035 0.01 0 0.005 0 0 0 0
 0 0 0.005 0 0 0.005 0.01 0.01 0.045 0.015 0.05 0.12 0.175 0.185 0.18 0.065 0.055 0.045 0.03 0 0.005 0 0 0 0
 0 0 0 0 0 0.01 0.025 0.025 0.01 0.015 0.05 0.06 0.1 0.13 0.18 0.19 0.11 0.055 0.015 0.005 0.005 0.01 0 0.005 0
 0 0 0 0 0 0.005 0.005 0.01 0.025 0.02 0.045 0.085 0.055 0.17 0.155 0.165 0.1 0.07 0.035 0.005 0.04 0.01 0 0 0
 0 0.005 0 0 0 0 0 0 0.025 0.035 0.05 0.09 0.09 0.1 0.14 0.15 0.115 0.105 0.065 0.02 0.005 0.005 0 0 0
 0.01 0 0.005 0.015 0.01 0.015 0.005 0.005 0.005 0.04 0.045 0.045 0.09 0.085 0.13 0.18 0.115 0.09 0.055 0.035 0.015 0.005 0 0 0
 0 0.005 0.01 0.025 0.02 0.01 0.055 0.035 0.055 0.01 0.045 0.025 0.045 0.09 0.12 0.115 0.125 0.075 0.04 0.06 0.02 0.005 0 0.01 0
 0 0.01 0.01 0.005 0.02 0.025 0.07 0.065 0.05 0.02 0.095 0.065 0.03 0.08 0.07 0.055 0.1 0.065 0.07 0.05 0.02 0.015 0.005 0.005 0
 0 0.02 0.005 0.01 0.025 0.03 0.05 0.035 0.065 0.125 0.09 0.125 0.06 0.065 0.05 0.065 0.055 0.04 0.025 0.03 0.015 0.01 0.005 0 0
 0 0 0.005 0.02 0.04 0.025 0.025 0.02 0.05 0.075 0.07 0.105 0.15 0.09 0.145 0.055 0.04 0.01 0.035 0.02 0.01 0.005 0 0.005 0
 0 0.005 0.005 0.01 0.01 0.035 0.03 0.06 0.055 0.04 0.07 0.11 0.115 0.145 0.14 0.09 0.01 0.02 0.025 0 0.005 0.015 0 0 0.005
 0 0 0 0 0.01 0.025 0.01 0.03 0.08 0.115 0.115 0.075 0.11 0.095 0.165 0.085 0.04 0 0.02 0.005 0.01 0.005 0 0.005 0
 0 0.005 0 0.01 0.015 0.005 0.015 0.005 0.045 0.055 0.08 0.135 0.125 0.17 0.13 0.09 0.06 0.02 0.02 0.005 0.01 0 0 0 0
 0 0 0 0.015 0.01 0.015 0.025 0.04 0.04 0.015 0.09 0.1 0.14 0.17 0.185 0.07 0.045 0.025 0.01 0 0 0 0.005 0 0
 0 0.01 0 0.005 0 0.02 0.05 0.07 0.065 0.03 0.04 0.075 0.12 0.175 0.155 0.09 0.055 0.02 0.005 0.005 0.01 0 0 0 0
 0.025 0.005 0.005 0.01 0.03 0.02 0 0.045 0.075 0.04 0.085 0.05 0.075 0.15 0.135 0.095 0.07 0.06 0.015 0.005 0 0.005 0 0 0
 0 0.025 0.01 0.015 0.025 0.02 0.005 0.04 0.02 0.055 0.1 0.085 0.115 0.15 0.13 0.085 0.06 0.025 0.015 0.01 0.005 0 0.005 0 0
 0 0 0 0.04 0.065 0.075 0.01 0.025 0.02 0.06 0.06 0.065 0.055 0.15 0.105 0.1 0.095 0.035 0.02 0.005 0 0.015 0 0 0
 0 0 0 0 0.015 0.045 0.13 0.19 0.09 0.08 0.055 0.085 0.035 0.055 0.08 0.07 0.045 0.01 0.005 0.005 0.005 0 0 0 0
 0 0 0 0 0.005 0 0.02 0.065 0.1 0.195 0.145 0.1 0.065 0.055 0.07 0.095 0.04 0.025 0.015 0 0.005 0 0 0 0
 0 0.005 0 0.01 0.02 0.01 0.005 0.02 0.035 0.085 0.105 0.16 0.205 0.11 0.095 0.075 0.03 0.015 0.005 0 0.005 0 0.005 0 0
 0 0 0 0.005 0.005 0.01 0.01 0.02 0.035 0.04 0.05 0.07 0.15 0.245 0.225 0.075 0.04 0.01 0 0.005 0.005 0 0 0 0
 0 0 0 0 0 0.015 0.01 0.025 0.04 0.035 0.05 0.04 0.075 0.165 0.25 0.125 0.08 0.045 0.03 0.01 0.005 0 0 0 0
 0.005 0.005 0 0 0 0 0.005 0.015 0.03 0.05 0.085 0.06 0.045 0.105 0.215 0.21 0.105 0.045 0.02 0 0 0 0 0 0
 0 0.005 0.005 0.01 0.015 0.015 0 0.02 0.02 0.025 0.06 0.06 0.085 0.135 0.13 0.13 0.115 0.1 0.05 0.02 0 0 0 0 0
# catch_bio
 17834 10685 9430 13352 17079 15915 10712 12991 8790 6926 6678 4519 18591 6795 12144 20508 9655 8684 13360 8631 13626 9350 14174 9833 12024 12934 10732 11936 16562 12727 12377 10722 14243 17638 17737 13398 14832 20000 20000 20000 20000 20000 20000 20000 20000 20000 20000 20000 20000 20000 20000 20000 20000 20000 20000 20000 20000 20000 20000 20000 20000 20000 20000 20000 20000 20000 20000 20000 20000 20000 20000 20000 20000 20000
# catchtmp
20000
# obs_srv1
 69990 110643 160396 163637 229865 294710 310933 374317 435211 336457 421985 542827 570835 475339 552269 482684 369118 258809 336163 409306 356665 543569 549338 772988 670132 547496 588342 456371 586954 568200 445736 599450 594565 723736 602386 525951 524622 487587 494214 403107 477620 398018 358193 426960 369835 376775 386845 331637 341318 271626 271731 268100 221818 222530 171955 211494 190251 177567 158094 171097 187306 182782 265735 424801 314344 240891 278157 274453
# survtmp
263409
# obs_srv1_sd
 7621 10233 23051 14728 23459 20996 35058 35580 38181 39325 49650 46624 52029 64870 56249 59678 39461 62546 53563 35532 32119 45608 38254 50883 48339 39053 46785 41845 44781 40813 43514 60757.5 60262.4 73354.6 61055.1 53308 53173.3 49419.6 50091.3 40857.1 48409.4 40341.3 36304.8 43274.7 37484.8 38188.2 39208.9 33613.2 34594.5 27530.8 27541.5 27173.4 22482.5 22554.6 17428.6 21436 19283 17997.4 16023.7 17341.6 18984.5 18526 26933.7 43055.9 31860.5 24415.6 28192.7 27817.3
# survtmp
26697.9
# obs_srv2
 36700 34900 24700 74400 30600 28400 61153 68568 96248 74065 73676
# obs_srv2_sd
 3940 3988 3800 11529 3367 2658 5876 5937 13770 10928 8199
# obs_srv3
 16500 24465 110476 21897 58191 73893 65028 88750 94998 183836 80060 60371
# obs_srv3_sd
 55265 3410 48344 2569 8269 8298 7249 11844 12369 49272 15421 10118
# wt
 0.019 0.04 0.109 0.216 0.363 0.546 0.757 0.993 1.249 1.519 1.798 2.08 2.354 2.606 2.825 3.009 3.157 3.274 3.365 3.435 3.533
 0.0072 0.0351 0.0896 0.1701 0.273 0.3931 0.5249 0.6635 0.8045 0.9446 1.0811 1.2119 1.3358 1.4519 1.5597 1.6592 1.7503 1.8334 1.9088 1.977 2.0385
# maturity
 0 0 0 0.0233645 0.388889 0.837937 0.973475 0.995968 0.9992 1 1 1 1 1 1 1 1 1 1 1 1
# lenage
 0.999912 8.84e-005 0 0 0 0 0 0 0 0 0 0 0 0 0 0 0 0 0 0 0 0 0 0 0
 0.00171905 0.487467 0.43332 0.0754502 0.00203571 7.78e-006 3.98e-009 2.64e-013 0 0 0 0 0 0 0 0 0 0 0 0 0 0 0 0 0
 2.65e-008 0.000385447 0.00967745 0.0893462 0.303486 0.383276 0.180373 0.0314116 0.00199766 4.57e-005 3.72e-007 1.06e-009 1.06e-012 0 0 0 0 0 0 0 0 0 0 0 0
 9.57e-012 1.97e-007 1.04e-005 0.000290871 0.00423175 0.0322914 0.129689 0.274941 0.308221 0.182765 0.0572514 0.00944985 0.000819153 3.77e-005 3.14e-007 2.6e-010 4.9e-014 0 0 0 0 0 0 0 0
 4.71e-014 6.05e-010 3.39e-008 1.21e-006 2.74e-005 0.000393175 0.00357032 0.0205764 0.0753419 0.175434 0.259959 0.245215 0.147238 0.0619636 0.00986747 0.000406863 6.13e-006 3.33e-008 6.49e-011 4.5e-014 0 0 0 0 0
 1.33e-015 8.99e-012 4.35e-010 1.51e-008 3.7e-007 6.44e-006 7.94e-005 0.000694551 0.00430737 0.0189575 0.0592351 0.131449 0.207225 0.285042 0.217283 0.0656653 0.00940054 0.000633955 2e-005 2.94e-007 2.01e-009 6.31e-012 9.1e-015 0 0
 1.11e-016 4.3e-013 1.7e-011 5.18e-010 1.21e-008 2.13e-007 2.88e-006 2.96e-005 0.00023131 0.00137905 0.00626613 0.0217033 0.0573093 0.154494 0.29368 0.274913 0.142311 0.0406874 0.00641091 0.000555222 2.64e-005 6.84e-007 9.67e-009 7.46e-011 4.36e-014
 0 4.81e-014 1.53e-012 4.02e-011 8.4e-010 1.41e-008 1.88e-007 2.01e-006 1.72e-005 0.000117908 0.000646129 0.00283343 0.00994392 0.0396377 0.130753 0.242186 0.275104 0.191671 0.0818764 0.0214251 0.00343014 0.000335517 2e-005 7.4e-007 4.09e-009
 0 9.99e-015 2.61e-013 5.83e-012 1.08e-010 1.65e-009 2.1e-008 2.2e-007 1.92e-006 1.39e-005 8.29e-005 0.000410579 0.00168608 0.0084499 0.039053 0.110709 0.207356 0.256698 0.210068 0.113625 0.0406069 0.00958216 0.00149192 0.000159974 4e-006
 0 3.33e-015 7.14e-014 1.37e-012 2.24e-011 3.11e-010 3.67e-009 3.68e-008 3.14e-007 2.28e-006 1.41e-005 7.39e-005 0.000329848 0.00188674 0.0107219 0.0398146 0.103301 0.18734 0.237528 0.210575 0.130521 0.0565528 0.017123 0.00392905 0.000286364
 0 1.55e-015 2.81e-014 4.69e-013 6.78e-012 8.52e-011 9.28e-010 8.77e-009 7.19e-008 5.12e-007 3.16e-006 1.69e-005 7.85e-005 0.000482964 0.00310917 0.0137108 0.0441133 0.103581 0.177542 0.222173 0.202992 0.135411 0.0659427 0.02653 0.00431384
 0 8.88e-016 1.47e-014 2.14e-013 2.77e-012 3.16e-011 3.17e-010 2.81e-009 2.19e-008 1.5e-007 9.11e-007 4.86e-006 2.29e-005 0.000145756 0.00100844 0.00495521 0.0183837 0.0515044 0.108985 0.17421 0.210376 0.191934 0.132293 0.0812737 0.0249018
 0 6.66e-016 9.44e-015 1.23e-013 1.43e-012 1.49e-011 1.38e-010 1.14e-009 8.44e-009 5.56e-008 3.27e-007 1.72e-006 8.05e-006 5.19e-005 0.000372715 0.00195609 0.00796805 0.0251955 0.0618515 0.117893 0.174492 0.200558 0.179014 0.152029 0.0786095
 0 5.55e-016 7.22e-015 8.48e-014 8.96e-013 8.53e-012 7.33e-011 5.68e-010 3.97e-009 2.5e-008 1.42e-007 7.26e-007 3.35e-006 2.15e-005 0.000157028 0.000855302 0.00369867 0.0126997 0.0346253 0.0749696 0.128916 0.176069 0.190996 0.208359 0.168629
 0 5.55e-016 6.33e-015 6.75e-014 6.52e-013 5.73e-012 4.58e-011 3.33e-010 2.2e-009 1.32e-008 7.22e-008 3.59e-007 1.62e-006 1.03e-005 7.48e-005 0.000414674 0.00185934 0.00674521 0.0197989 0.047024 0.090377 0.140567 0.176934 0.234643 0.281549
 0 6.66e-016 6.22e-015 6.02e-014 5.36e-013 4.37e-012 3.26e-011 2.23e-010 1.4e-009 8.01e-009 4.21e-008 2.02e-007 8.92e-007 5.54e-006 3.99e-005 0.000221757 0.00101391 0.00381049 0.0117718 0.0298953 0.0624132 0.107124 0.151165 0.233687 0.398851
 0 7.77e-016 6.55e-015 5.91e-014 4.87e-013 3.7e-012 2.59e-011 1.67e-010 9.94e-010 5.44e-009 2.75e-008 1.28e-007 5.48e-007 3.32e-006 2.35e-005 0.000129766 0.000597789 0.00229434 0.00733675 0.0195477 0.0433956 0.0802732 0.123734 0.215883 0.506781
 0 8.88e-016 7.55e-015 6.25e-014 4.8e-013 3.42e-012 2.25e-011 1.37e-010 7.78e-010 4.08e-009 1.98e-008 8.9e-008 3.71e-007 2.18e-006 1.51e-005 8.24e-005 0.000378948 0.00146976 0.00480492 0.0132407 0.0307557 0.0602203 0.0993977 0.190864 0.598768
 0 1.22e-015 9.1e-015 7.02e-014 5.05e-013 3.38e-012 2.11e-011 1.22e-010 6.59e-010 3.31e-009 1.55e-008 6.72e-008 2.72e-007 1.56e-006 1.05e-005 5.62e-005 0.000256602 0.000997916 0.00330432 0.00931599 0.0223635 0.045711 0.0795579 0.164838 0.673586
 0 1.67e-015 1.14e-014 8.29e-014 5.61e-013 3.55e-012 2.1e-011 1.16e-010 5.97e-010 2.87e-009 1.29e-008 5.44e-008 2.14e-007 1.19e-006 7.77e-006 4.08e-005 0.000184366 0.000714764 0.0023803 0.00680915 0.016732 0.0353184 0.0640413 0.140945 0.732825
 0 2.33e-015 1.5e-014 1.02e-013 6.52e-013 3.91e-012 2.2e-011 1.16e-010 5.71e-010 2.65e-009 1.15e-008 4.68e-008 1.78e-007 9.63e-007 6.12e-006 3.14e-005 0.000139649 0.000537381 0.00179019 0.00516286 0.0128901 0.027861 0.0521338 0.120359 0.779087
 0.999912 8.84e-005 0 0 0 0 0 0 0 0 0 0 0 0 0 0 0 0 0 0 0 0 0 0 0
 0.00331866 0.594968 0.359955 0.0411004 0.000656995 1.34e-006 3.31e-010 9.55e-015 0 0 0 0 0 0 0 0 0 0 0 0 0 0 0 0 0
 1.23e-007 0.00136525 0.026422 0.174869 0.396056 0.30989 0.083516 0.00764513 0.00023334 2.33e-006 7.54e-009 7.79e-012 2.55e-015 0 0 0 0 0 0 0 0 0 0 0 0
 7.96e-011 1.6e-006 7.41e-005 0.00167856 0.018435 0.0987251 0.258982 0.333822 0.211612 0.0658681 0.0100311 0.000743845 2.67e-005 4.66e-007 1.04e-009 1.49e-013 0 0 0 0 0 0 0 0 0
 5.83e-013 8.77e-009 4.77e-007 1.54e-005 0.000294702 0.00332044 0.0221382 0.0874945 0.205293 0.286276 0.237355 0.11698 0.0342398 0.00625669 0.000332785 3.28e-006 9.93e-009 9.13e-012 2.55e-015 0 0 0 0 0 0
 2.16e-014 1.99e-010 1.01e-008 3.45e-007 7.78e-006 0.000116698 0.00116225 0.00769544 0.0338999 0.0994249 0.194261 0.252954 0.219549 0.144904 0.0420819 0.00380065 0.0001401 2.09e-006 1.25e-008 2.97e-011 2.8e-014 0 0 0 0
 2.33e-015 1.31e-011 5.77e-010 1.85e-008 4.23e-007 6.93e-006 8.14e-005 0.000685686 0.00414058 0.0179363 0.0557556 0.124413 0.199334 0.282839 0.227528 0.0745089 0.0118298 0.000906135 3.33e-005 5.84e-007 4.87e-009 1.92e-011 3.59e-014 0 0
 5.55e-016 1.88e-012 7.02e-011 2.02e-009 4.39e-008 7.2e-007 8.91e-006 8.33e-005 0.000588462 0.00313996 0.0126614 0.0385896 0.0889126 0.202847 0.311732 0.228485 0.0909158 0.0196028 0.00228413 0.000143391 4.83e-006 8.73e-008 8.41e-010 4.33e-012 0
 2.22e-016 4.73e-013 1.51e-011 3.86e-010 7.74e-009 1.22e-007 1.5e-006 1.45e-005 0.000110064 0.000655018 0.00305868 0.0112083 0.0322336 0.0994556 0.233444 0.290039 0.211978 0.0910958 0.0229928 0.00340303 0.000294785 1.49e-005 4.4e-007 7.61e-009 1.44e-011
 1.11e-016 1.82e-013 4.98e-012 1.13e-010 2.08e-009 3.07e-008 3.66e-007 3.52e-006 2.74e-005 0.000171715 0.000869052 0.00355033 0.0117085 0.0438928 0.136628 0.242371 0.268602 0.18598 0.0804277 0.0217065 0.00365217 0.00038261 2.49e-005 1.03e-006 6.74e-009
 1.11e-016 9.57e-014 2.28e-012 4.63e-011 7.74e-010 1.07e-008 1.22e-007 1.14e-006 8.83e-006 5.64e-005 0.000297211 0.00129213 0.0046349 0.0197105 0.0742072 0.168205 0.249584 0.242491 0.154265 0.0642389 0.0174998 0.00311634 0.000362459 2.84e-005 4.67e-007
 1.11e-016 6.41e-014 1.34e-012 2.45e-011 3.74e-010 4.81e-009 5.18e-008 4.69e-007 3.56e-006 2.27e-005 0.000121469 0.000545624 0.00205751 0.00948702 0.0406153 0.109207 0.199513 0.247733 0.209093 0.119949 0.0467557 0.012378 0.00222431 0.00028545 9.41e-006
 1.11e-016 5.15e-014 9.58e-013 1.58e-011 2.22e-010 2.66e-009 2.71e-008 2.35e-007 1.73e-006 1.09e-005 5.83e-005 0.000265249 0.00102811 0.00498564 0.0232661 0.0705052 0.149635 0.222478 0.231769 0.169177 0.0865152 0.030988 0.00777095 0.00146346 8.3e-005
 1.11e-016 4.77e-014 7.96e-013 1.2e-011 1.56e-010 1.74e-009 1.67e-008 1.39e-007 9.88e-007 6.07e-006 3.21e-005 0.000146343 0.000574249 0.00286794 0.0141635 0.0466595 0.110384 0.187579 0.229007 0.200876 0.126592 0.057308 0.0186315 0.0047564 0.000416421
 1.11e-016 4.94e-014 7.46e-013 1.03e-011 1.24e-010 1.3e-009 1.18e-008 9.33e-008 6.42e-007 3.84e-006 1.99e-005 9.02e-005 0.000354554 0.00179712 0.00919685 0.0320943 0.0821386 0.154206 0.212402 0.214664 0.159185 0.0866074 0.0345659 0.0112687 0.00140476
 2.22e-016 5.57e-014 7.67e-013 9.8e-012 1.1e-010 1.08e-009 9.29e-009 7.01e-008 4.64e-007 2.69e-006 1.37e-005 6.11e-005 0.000239052 0.00121704 0.00635682 0.0230586 0.0624491 0.1263 0.190782 0.21526 0.181424 0.114212 0.0537003 0.0213544 0.00356719
 2.22e-016 6.73e-014 8.49e-013 1.01e-011 1.06e-010 9.78e-010 7.99e-009 5.76e-008 3.67e-007 2.06e-006 1.03e-005 4.49e-005 0.000173941 0.000882912 0.00465494 0.0173075 0.0487906 0.104302 0.169108 0.207965 0.193994 0.137262 0.0736637 0.0344752 0.00736375
 3.33e-016 8.55e-014 9.96e-013 1.1e-011 1.09e-010 9.51e-010 7.39e-009 5.1e-008 3.13e-007 1.7e-006 8.24e-006 3.54e-005 0.000135121 0.000680181 0.0035904 0.0135408 0.0392402 0.087391 0.149592 0.19683 0.199084 0.15479 0.0925107 0.0495337 0.0130374
 5.55e-016 1.13e-013 1.22e-012 1.27e-011 1.18e-010 9.79e-010 7.25e-009 4.79e-008 2.83e-007 1.49e-006 7.03e-006 2.95e-005 0.000110989 0.000551953 0.00289947 0.0110044 0.0324709 0.0744997 0.132922 0.184442 0.199048 0.167071 0.109062 0.0653153 0.0205641
 8.88e-016 1.55e-013 1.56e-012 1.53e-011 1.34e-010 1.06e-009 7.46e-009 4.73e-008 2.69e-007 1.38e-006 6.3e-006 2.59e-005 9.56e-005 0.000468356 0.00243747 0.00925388 0.0275992 0.0646697 0.119064 0.172254 0.195834 0.174961 0.122836 0.0807931 0.0297001
 1.44e-015 2.17e-013 2.04e-012 1.89e-011 1.57e-010 1.18e-009 7.98e-009 4.87e-008 2.67e-007 1.32e-006 5.89e-006 2.37e-005 8.57e-005 0.000412894 0.00212176 0.00802094 0.0240415 0.0571403 0.107698 0.160986 0.190854 0.179456 0.13383 0.0952499 0.0400722
# bottom_temps
 -0.279514 0.885221 -0.0823389 0.0907343 -0.603013 0.859582 -0.0921633 0.658135 0.0292973 0.244974 -0.38397 0.679966 -0.875693 -0.675078 1.08363 0.381264 0.947278 -1.60319 -0.257089 0.186525 0.86975 1.47686 1.00443 1.08621 -0.592367 -0.639281 -1.14783 -1.04798 -0.894997 0.0950591 -1.4044 -1.4044 -1.4044 -1.4044 -1.4044 -1.4044 -1.4044 -1.4044 -1.4044 -1.4044 -1.4044 -1.4044 -1.4044 -1.4044 -1.4044 -1.4044 -1.4044 -1.4044 -1.4044 -1.4044 -1.4044 -1.4044 -1.4044 -1.4044 -1.4044 -1.4044 -1.4044 -1.4044 -1.4044 -1.4044 -1.4044 -1.4044 -1.4044 -1.4044 -1.4044 -1.4044 -1.4044 -1.4044
# bottom_temps(nobs_srv1)
-1.4044
# nobs_srv1_age
2
# yrs_srv1_age
 1996 1998
# nsamples_srv1_age
 200 200
 200 200
# obs_p_srv1_age
 1.96216e+006 1.67397e+007 5.51997e+007 5.39741e+007 5.20906e+007 4.3253e+007 3.52727e+007 5.27703e+007 5.9906e+007 5.11206e+007 2.40973e+007 7.47738e+006 3.70215e+006 0 0 0 0 0 0 0 0
 2.74785e+006 2.87359e+007 6.80958e+007 7.30532e+007 5.59314e+007 2.80786e+007 3.67275e+007 2.68562e+007 2.20332e+007 1.41144e+007 8.69462e+006 6.61734e+006 387194 0 0 0 0 0 0 0 0
 0 6.61387e+006 2.0074e+007 1.30322e+007 3.39115e+007 2.31567e+007 9.82753e+006 2.2753e+007 3.16943e+006 6.26537e+006 0 243121 0 0 0 0 0 0 0 0 0
 0 1.27425e+007 5.00878e+007 2.93781e+007 1.62936e+007 5.3535e+006 1.19479e+007 2.7597e+006 0 2.61826e+006 0 0 0 0 0 0 0 0 0 0 0
